-9.681401362599413307e-01
-9.841538051320133373e-01
-7.667821414139268654e-01
-1.708270934166847832e-01
-9.272194316250642609e-01
-7.436375717881046343e-01
3.007081006087096720e-01
-2.599314557950440085e-01
4.707359626692507737e-01
2.985088097761066095e-01
3.433494863073593417e-01
-1.000000000000000000e+00
-8.034273992603390147e-01
3.544866501747256926e-02
1.000000000000000000e+00
1.287452970430842947e-01
-4.052401367359604878e-01
7.216110727359378862e-02
1.239919093777990672e-01
7.239633445594353400e-01
-8.240928169733936492e-01
-6.582387691965463361e-01
8.973011364424667846e-01
-8.856979560254696349e-01
-8.639675821865504535e-01
8.195049830726173212e-01
3.385346159424200141e-01
-7.348978612587341308e-01
-5.989933306271002511e-01
2.645757463929681585e-01
-8.660906177048860455e-01
3.904663221895789127e-02
4.188180711652506605e-01
2.757043218044825661e-01
5.246898225248122216e-01
1.551247157886238570e-01
-5.498098530082523583e-01
8.285022175098062380e-01
-4.696051808935541860e-01
9.348001279186820556e-01
-6.470425101280143920e-01
-1.364317136389045504e-01
-1.859494197853084341e-01
-2.871069583107003220e-01
-7.541277454826018634e-01
-9.187424098782578374e-01
5.168376995592199874e-02
2.363076302393495309e-01
-4.142435426463666470e-01
-2.179754549686642451e-01
-1.000000000000000000e+00
-4.598702097468295724e-01
4.701755170728804112e-01
-2.828786001804533545e-01
5.512823841211917930e-01
2.162431776520659932e-01
-9.997173176538093342e-02
6.668417436400377873e-01
-3.905132660636180253e-01
-6.886654860384632260e-01
4.425475425367515481e-01
4.085923951720683567e-01
-4.655703537632476241e-01
7.397304800007674652e-01
-2.074957430262846236e-01
-7.967765456513172806e-01
-1.722997315486583525e-01
9.703155979592720248e-01
-7.158413534103393872e-01
6.322811008710566005e-01
-7.463745032241835275e-01
-2.745136312123136468e-01
4.079244195614175617e-01
5.184628377868888416e-01
-6.161002319185022724e-01
-7.266521427261110055e-01
-1.000000000000000000e+00
1.564875472261793854e-01
9.820526792092280077e-01
-6.945873508827452025e-02
-5.292542806060825944e-01
-2.181157015262443211e-01
9.723166085270226189e-01
-9.400653549554592869e-01
9.747687172352706431e-03
-9.227638261654989016e-01
9.494864763215487002e-01
-5.384674446704437178e-01
3.935733112932496280e-01
-9.649226026112065480e-01
-3.681386305310203888e-02
-5.784277159280564184e-01
-3.752731811424284691e-01
-1.809485406030900412e-01
-6.248534614561839229e-01
-3.087112895911466037e-02
-1.563021853431351693e-01
-3.637000472288403063e-01
-7.279616225700147325e-01
-1.536691947938613190e-01
-5.247844776039713999e-01
-1.090309232256521654e-01
1.165043153674766713e-01
-8.434430284580362036e-01
-4.271462394061138479e-01
-2.538041020624575150e-01
-3.301276062258481914e-02
1.000000000000000000e+00
3.619935831826939232e-01
7.222536914740416147e-01
-4.875692372430588950e-01
1.623645902159691068e-01
1.000000000000000000e+00
2.094867268242142644e-01
8.251446057768041520e-02
-9.178130974999076930e-01
-6.237665435730694874e-01
8.158526844309141879e-01
8.177604164904206385e-01
2.877700866085920461e-01
4.518435700549860434e-01
1.271889035681737778e-01
1.000000000000000000e+00
6.331060644480017707e-01
9.724798939189410740e-01
8.033086767070909406e-01
-1.753735390360860458e-01
6.009891930970330254e-01
-1.063073862791251434e-02
-5.245109330536841530e-02
-6.579605088037322469e-01
6.266442910073773964e-01
-6.077629224765530580e-01
-7.950841046586587524e-01
8.241528691635953141e-01
7.101521447327839853e-01
9.450469362483477909e-01
-7.469719499032041465e-01
3.739116966740416159e-01
8.673051174236566796e-01
6.227614668797377684e-01
-4.785631233188405997e-01
2.879286928580979676e-01
-2.734549721167514602e-01
2.488325022269912146e-01
8.547691331207925014e-01
1.000000000000000000e+00
5.487186786528664983e-01
1.724958102763389789e-01
8.403054817164123946e-01
-4.897386505771522125e-01
-1.000000000000000000e+00
7.437004274174936480e-01
9.578348069174326129e-01
-1.344411059993148583e-01
6.352862053858949754e-01
6.889004381898086171e-01
-1.178580604358895612e-01
8.654008179427731262e-01
2.725025382688993636e-01
5.428720855688592417e-01
4.683161515260241270e-01
-8.410799904219297407e-02
2.218609988343148154e-01
7.772556503748377921e-01
-9.880547857479510254e-01
-1.899092483249729124e-01
-2.916457236696889388e-01
5.631224129185554705e-01
8.541140336033933300e-01
9.235247938631560016e-01
3.658628058434950647e-01
1.989253995032400357e-01
-3.588499944563717792e-01
-5.867075650701001344e-01
-1.256449950145474281e-01
1.525580154453041459e-01
-9.346520865399290390e-01
8.028289184556490765e-01
-8.143714233739074437e-01
1.000000000000000000e+00
4.917523697466168464e-01
1.073599801968508349e-01
3.450054024839315225e-01
1.357926960217429313e-01
4.416100468698312409e-01
7.149034445869706378e-01
-3.822841778039307026e-02
-8.513703207361361658e-03
-8.012024417839123114e-01
-5.194943160346381372e-01
1.655458171844992332e-02
-2.765663068861127227e-01
6.640924519615247767e-01
-2.482954831795851081e-01
-4.199268492386054041e-01
-6.549342558022427929e-02
-7.689608018482465557e-01
-5.269189398653610912e-01
6.152265206775452133e-02
-8.513285733148414636e-01
6.893236052427329508e-01
7.113232876068678601e-02
7.300924603108061017e-01
7.071082747988350903e-01
7.792546562299792479e-01
-3.272728247763406761e-02
3.573628508398715153e-01
-3.338378275586666999e-01
-4.105939500213933724e-01
-1.848998487042696204e-01
-5.947676099633030233e-01
4.512567803729172211e-01
5.603700169709484591e-01
1.000000000000000000e+00
1.980702741399237993e-02
4.444001049410442605e-02
-7.823969868154955210e-01
-6.220411708166859732e-01
4.242824280397098913e-01
4.702291661687776347e-01
-3.477362658722460420e-01
9.166658610436299037e-01
8.416274649768253902e-01
-3.629047668238370716e-02
-5.413320570018628208e-01
-9.368524146240740924e-01
9.606175605262324835e-01
9.037043222873399895e-01
3.023208445243423803e-01
2.464894347461595303e-01
5.300118744370738710e-01
-1.939770921554770933e-01
5.272772762916575484e-01
9.602635509066129726e-01
9.281157911179301889e-01
-5.496612741314046424e-01
1.000000000000000000e+00
6.076092633963844913e-03
2.141156829432144248e-01
-8.171146905141437600e-01
1.000000000000000000e+00
6.071584623496563138e-01
-1.780638550192505942e-01
1.794110586918062911e-02
-6.962317745772225175e-01
4.365252986265488189e-01
-1.047367627312407179e-01
-6.209891985206380388e-02
1.000000000000000000e+00
2.389719210268860805e-01
8.758200054516224187e-01
7.683866650724020531e-01
2.703970118833901037e-01
-5.450788980162146746e-01
3.454954573444984911e-01
-2.390692761414748568e-01
4.085833841311450332e-01
3.028500443464407499e-02
2.794628424184485427e-01
2.083036877176519530e-02
2.131186180461120405e-01
8.687652573282518553e-02
2.691998184334973843e-01
4.581049208217335966e-01
