1.512666786515179107e-01
-1.000000000000000000e+00
-6.365916383071784646e-01
-9.187130644558163528e-01
6.685379200257417498e-01
-1.000000000000000000e+00
8.878410054088619052e-01
-6.862782577752006841e-01
-1.000000000000000000e+00
-8.712439059261238572e-02
6.081799087407243620e-01
-4.775682704430047054e-01
1.981882341619742027e-01
6.208201886660775770e-01
2.114733697520283784e-01
5.849671656356612015e-01
-1.100926128092483969e-01
-2.935542873743643977e-01
-8.063336409623254042e-01
-6.394563546494120843e-01
6.687617526883911090e-01
5.265578381458880797e-01
-7.782872970777234833e-01
-5.371067481209784722e-01
-6.797629843829545715e-01
-1.196317218853409914e-01
1.898106545490698960e-01
-1.144898053655105941e-01
-3.491882615106142174e-01
-1.256761433929320937e-01
1.000000000000000000e+00
4.930899645201269887e-03
-2.733617963472413925e-01
-2.235139298826171184e-01
1.553038415254486271e-01
8.163103306860673702e-02
6.634809324693744514e-01
-1.947446210410787304e-02
4.224432545574817177e-01
-9.070595945124997339e-01
6.787665187416505042e-01
-2.073674576847450712e-02
-5.035696417329392771e-01
2.950270563522075506e-01
-5.911497813157887693e-01
-6.215153318544224259e-01
9.524695140919803293e-01
1.721158198360363267e-01
-4.121444697720936245e-01
-4.316049017561834900e-01
-6.305919844433061083e-01
3.977622929373895166e-01
-1.139652270081298741e-01
-6.003702364315247619e-01
2.463734837990787796e-01
5.736812407903216920e-02
-5.140746918822638456e-01
-9.478387196066548892e-01
-2.550806831288875420e-01
2.528831579134129814e-01
3.464485479235703824e-01
-4.855610458831750575e-01
-3.894573173237482200e-01
7.246826709617563145e-01
3.393527749281622929e-01
-9.307468905482590982e-02
4.552635241707017055e-01
3.029703989918198226e-01
-8.743879017224068795e-01
2.154365627828606633e-01
-4.284009913140825465e-01
-8.152231155586360245e-01
-8.264277633045421512e-01
-1.000000000000000000e+00
1.000000000000000000e+00
5.157401482822776551e-01
-8.817953840893607564e-01
7.160446647641891538e-01
5.519085832264500890e-01
-6.602128410845156670e-02
5.255931586274544820e-01
9.055838001684328731e-01
7.502404181516342252e-01
1.000000000000000000e+00
-2.122549231297529426e-01
1.040682928075867542e-01
-7.093698394412899511e-01
4.239454655241665648e-01
6.600214885288677724e-01
-7.101810958105461147e-01
-1.401801631573221241e-01
8.961321683133570692e-01
1.049269545783663854e-01
-5.517671335039306957e-01
9.129978374913751971e-01
2.496165252831148706e-01
-4.929165875323758272e-01
5.395166411605087919e-01
-4.942212715945352164e-01
-4.692935867416511697e-01
9.078737570549965108e-01
-2.821310958813008640e-01
9.895458058897841358e-01
-9.742401717979287668e-01
-4.646905794596363215e-01
6.872148071249438439e-02
7.241161722191150618e-01
-4.061197336185161655e-01
-2.032447701028796960e-01
-7.544301321189906817e-01
-3.115258790823824397e-01
8.190051337396946352e-01
-3.086993472935765648e-01
6.677354017405955355e-01
-6.670115163647236667e-01
-2.077997327069567302e-01
-3.007982850081410420e-01
7.256467565542442655e-01
-4.369255002116542719e-01
5.743201737717642530e-01
6.874486062031878730e-03
6.525653844884369281e-01
-3.085518934776479427e-01
8.228745150369487504e-02
-4.709418178813296052e-01
3.744256905788214129e-01
9.974526656954956216e-01
6.160792988791127245e-01
-4.365634704581851655e-01
1.677470502313414269e-01
-6.057392044117225760e-01
-1.783435769195487741e-02
-7.984599779837444622e-01
-1.000000000000000000e+00
-2.604021765301299252e-01
4.232928871280535188e-01
8.718471373812513026e-01
-8.765372613970026094e-01
-9.687172895162331487e-01
-2.701591196730901423e-01
-9.215957398112890608e-01
-6.982287521675928366e-01
-9.463531052274197775e-01
-7.821315501284635818e-01
-4.370628790985323642e-01
9.705645971534830607e-02
3.873683584856975060e-01
6.403730710165722595e-01
-4.783460994977826175e-01
-1.979234488445539841e-01
-9.950340091260090336e-01
-3.567364967586453828e-01
-7.637099694332725175e-01
5.920450071238305689e-01
-7.294707603399714912e-01
9.280204564502573250e-01
8.521690649061623990e-01
-3.730545799228995874e-01
2.188088308051568120e-01
-3.942985721564532531e-01
-6.527733072592672992e-01
3.404907867546198563e-01
5.906802203907612903e-01
4.669208887282082499e-01
-4.327099403119013532e-01
-3.401592362126782954e-01
9.265442058362323430e-02
4.089262950331975510e-01
1.643951411447345246e-01
-4.881865535275767831e-01
-2.089145449756930617e-01
-4.477124339320873725e-01
-4.828863663497426351e-01
2.802197984914479578e-01
-6.368120470721165827e-01
-9.358475896928122317e-01
4.978002605809138115e-01
4.305729800795395357e-01
-7.259227868219029212e-01
2.173049691608186507e-01
-1.000000000000000000e+00
9.018847179120691171e-02
4.736737721634314835e-01
-6.701594175910049467e-01
-4.699425864676552989e-01
5.429617238160383552e-01
-9.087356985727451653e-02
-9.675307626757477519e-02
2.453443918020362102e-01
6.118365899997264545e-01
2.544932111624120807e-01
-3.463045398883140003e-01
3.484201747085451384e-01
1.730479437567610801e-01
-5.301479723851102444e-01
6.871494111623972501e-01
-4.628902758919468674e-01
7.511503181786021166e-01
9.556039995560148270e-01
9.047450326419622657e-01
-1.000000000000000000e+00
-2.904292605200641808e-01
-6.881571393252901014e-01
-2.085074582197408710e-01
4.225760351224862044e-01
-9.343279430722908341e-01
3.694245564116552805e-01
2.239075502514485394e-01
-5.500440323264105258e-02
6.631402812954396708e-01
4.073184079340146369e-01
1.506465261551837576e-01
1.000000000000000000e+00
9.680991003486195678e-01
5.913992834437851176e-01
-1.962049157261934185e-01
9.019848516265147609e-01
-9.866888231782672269e-01
3.934778883332222810e-01
9.156273044332656763e-01
-7.976094542770502116e-01
-3.283834696194981584e-01
5.402172933775157837e-01
6.327168062772834389e-01
8.931625090313158877e-01
6.799454129527551238e-01
6.041184968973705161e-01
-8.590748602820932334e-01
9.476394247802389925e-01
-7.391892078854762627e-01
-8.968991590851341233e-02
-5.100210754675232883e-01
6.264556446079765362e-01
6.440266463086445903e-01
3.684394699326117295e-01
1.000000000000000000e+00
9.209155500362430358e-01
3.408699781466235090e-01
-2.342396164194212593e-01
-8.211284667049957298e-01
8.870575840380587884e-01
-5.792399215543089230e-01
-3.129468659263084374e-01
8.507237653294191793e-01
-2.377749916006986208e-01
-6.996800863382913738e-01
-2.552278795427079250e-01
-8.268853577047545478e-02
2.380207642121368039e-01
1.000000000000000000e+00
-6.487684516094785470e-02
-1.161348677537414054e-01
4.060179924083647807e-01
-5.685044695834542416e-01
7.256408466785714273e-01
-1.000000000000000000e+00
1.940407884674589245e-01
6.474708612107268335e-01
7.195712292248652719e-01
-3.874282706448984315e-01
-7.432691088808176527e-01
-2.858957315908115526e-01
3.058484001592269852e-01
6.371928428552435797e-01
5.050248584915146832e-01
