6.688624839219075024e-01
-4.741536336160429022e-01
8.450826513197678969e-02
3.037698060721152338e-01
-6.918931530513360295e-01
-3.245355874471275159e-01
1.979134556234666831e-01
-3.961431636226057096e-01
-9.207540129883470259e-01
-3.071540521770905752e-01
-3.774778368491163993e-01
-1.900400822133975209e-01
-6.843689807143840120e-01
-5.372326185010567468e-01
-9.201721655418295676e-01
3.209268336488400042e-01
4.923585414067625787e-02
-9.237242404192380629e-01
2.243865753844143107e-01
-6.683137153561429233e-01
-8.723870050457214198e-01
-9.098427641218495010e-01
4.257223849007283345e-01
-2.996911249754965478e-01
3.222025528158136143e-01
-2.242364066569443037e-01
-5.590842047045427865e-01
7.445742691861103602e-01
-1.578282744244191016e-01
1.659520506415853303e-01
-7.852582989706700101e-01
6.019512570553460229e-01
-8.392204171293766723e-01
5.328888697349417614e-01
4.629870438838845637e-01
-6.167503472313020652e-01
7.807859913375847505e-01
-2.800860357087837649e-01
-4.584491790114538223e-01
-1.278163818113448591e-01
-5.717114162754141082e-01
7.853607384800377622e-02
-6.858523405296512720e-01
-3.219410711495167554e-01
5.074746065633461978e-01
6.962415118826722482e-01
5.082318833191101781e-02
-9.599634866608586226e-01
-6.360850695809550093e-03
8.504685239620155546e-01
1.000000000000000000e+00
-1.967765565624728374e-01
7.559562089034641552e-01
-1.000000000000000000e+00
-5.141171368070494019e-01
2.553672189144070015e-01
5.204917501162561466e-01
-3.658227732420611389e-01
6.589879251810115690e-01
-5.257145948410439917e-01
6.902040255090385878e-01
-1.000000000000000000e+00
4.021738811402872926e-01
-8.049750635831679491e-01
2.214860198246003109e-01
8.992473597096860560e-01
-8.611154647875202128e-01
7.572343924968603091e-01
-3.219867728331341494e-01
-8.541148395568338714e-01
1.000000000000000000e+00
1.000000000000000000e+00
-4.577887235608729677e-01
-2.062493671141217011e-01
7.999883470254619544e-01
-1.305897666476680818e-01
8.557152824989866513e-01
-3.434993578402253389e-01
-7.925321342978538519e-01
9.764133641195882340e-02
6.554886203594866290e-01
-3.295173795308085629e-01
8.435974176386905610e-01
6.506608104900084566e-01
8.251142590567066559e-01
6.747379715367913811e-01
-2.096253266830486739e-01
1.000000000000000000e+00
-6.749333589146969681e-01
-2.701595134460215153e-01
-1.819380511033214659e-02
-6.198508408663263580e-01
9.678313493194712347e-01
-5.457927995714484393e-02
-3.681523379503730542e-01
-9.339573799119184061e-01
5.981820354517828342e-01
-2.467726507326564733e-01
-2.545107585519849058e-01
8.390896571408157367e-01
-8.929938302912562853e-02
-3.462346422361881615e-01
2.103485028851526106e-01
5.078818598930197048e-01
-8.796346016128744338e-01
-7.371755588913277146e-02
1.123229016170183281e-01
3.141110921193248640e-01
1.000000000000000000e+00
9.529484859860977153e-01
-6.597938781836838462e-01
3.838676750989553632e-01
-6.762779580536950608e-01
3.414089184537250077e-01
-2.541371242699195787e-01
-3.204022428011033541e-01
-2.569617262223390930e-01
8.585392809534284075e-02
-3.548175554133986553e-01
5.999916128967900386e-01
1.676643070547356382e-02
1.403648391965560127e-01
-3.262552144465070691e-01
-3.839231821268165312e-01
-8.763143451932270400e-03
3.727684317603091602e-03
-4.468552575755006528e-01
4.599251594529756015e-02
-1.856148537936490595e-01
-3.957884943783304688e-02
-3.965213304118808679e-01
6.681557207168776769e-01
1.000000000000000000e+00
-6.715430531702478723e-01
-3.869751135912251616e-01
3.097510172933944372e-01
2.188277110500063682e-01
7.477832657522319737e-01
-2.978520352466447196e-01
-5.987687853352599010e-01
6.472122571912517497e-01
-9.782619273633854640e-01
-9.369246387641217977e-01
8.756073248929164832e-01
7.735907283177896332e-01
3.018965318799941011e-01
-6.569281326457565573e-01
-5.165652405402332281e-01
-1.000000000000000000e+00
6.368768457341331679e-01
-1.448614186310348551e-01
-5.631507038986165448e-01
-3.723366879067554480e-01
6.732367556308811452e-01
3.212757850136707671e-03
5.191766932872707851e-01
-9.592092930671843876e-01
1.000000000000000000e+00
-4.362622686249990611e-01
-7.717799063611050503e-01
-8.493395688843968783e-01
-5.603650345963003820e-01
-1.000000000000000000e+00
6.981410415050184337e-01
9.514731500123547736e-01
2.834919702971421263e-01
-3.148091842567738441e-01
-5.867386055208798634e-01
-7.612247463965940986e-01
-9.277802766934264422e-01
3.383689409420611582e-01
-3.241351985331189511e-02
4.111771314213447659e-01
1.857879813386681678e-01
3.842981296016162451e-01
-2.848948487046885913e-03
-1.166444623098578937e-01
3.749585216330939552e-01
8.449832833612097582e-01
-4.312062724499943211e-01
-3.712926944221290326e-01
1.615939139771156163e-01
3.784842805712619329e-01
9.553633874996391162e-01
-3.850258717555642418e-01
4.075135943340146838e-01
-6.533179548123603242e-01
-7.606624675311962624e-01
6.942834254171514896e-02
-2.400996516528519364e-01
-3.367621031631691519e-02
-3.866466095328168762e-01
-5.364752042331673021e-01
-8.481881634677633786e-01
5.066147137522928334e-01
7.121614608294322135e-01
5.247137343187252556e-01
-7.815335629344444257e-01
2.533379388217708583e-01
4.602317604731881451e-01
-4.194345256066781547e-01
7.462192015193664929e-01
-4.272160690519896109e-01
6.258940678919377998e-01
1.000000000000000000e+00
-8.624813197801789455e-01
-2.959658957296071313e-01
7.954307972639330648e-01
-3.007714370909871926e-01
1.939584359416714199e-01
6.113427265243990272e-01
-6.386192708740313639e-01
3.348430204774585084e-01
9.408679468606020446e-01
6.582415469027802502e-01
8.660743244932209706e-01
9.792084368579916376e-01
6.327596675475344323e-02
-8.008066200111599309e-02
3.993187765426918223e-01
-9.494927094864111794e-01
1.540098075229155150e-01
9.779759341367569858e-01
3.380367839408852659e-01
-7.640379710174674543e-02
8.274728783601655036e-02
2.479786337670926155e-01
1.788119938733596093e-01
-2.955311583023708111e-01
5.983688056074043526e-01
-9.114588237185912156e-01
-6.016378879270090074e-01
7.389760878412715561e-01
-2.288502111574989284e-01
1.669189868017122991e-01
-1.055637590591132491e-01
-7.743699956757406078e-01
9.547389301707392972e-01
8.776929866995260010e-01
-5.297796393387886604e-02
-5.287910816832439576e-01
5.804289790309491437e-01
-3.974988298287474020e-01
7.481521740530235054e-02
-7.975871601047425097e-01
3.990681572727632909e-01
8.111333643935885185e-01
7.793491028391843489e-01
-2.185439783321783402e-01
7.252242102500037202e-01
-1.000000000000000000e+00
6.228789204578465410e-01
-2.013274850564813478e-01
-5.229229360960137296e-02
-3.986405756790024624e-01
-1.874941167694271771e-01
-2.268613884376298462e-01
-1.984478771142883513e-01
-3.180395508063957322e-01
-3.637478779197805129e-02
-4.926589241822187937e-01
4.910993244967088445e-01
-1.343314412677861225e-01
5.650919331436166093e-01
-1.967333561264246189e-01
