9.500837072213096368e-01
-7.570136282346452417e-01
-4.305846747489693871e-01
-7.858068336868216930e-01
9.972878461932378480e-01
-8.943036786366188595e-01
1.687456112244712925e-01
1.000000000000000000e+00
1.681811947930923201e-01
-9.036199833616237465e-02
4.455145166449299143e-01
-2.628357155314743343e-01
-6.671234287435342525e-01
5.812779252284734355e-01
3.697885438166931826e-01
8.158875345538828538e-01
5.278324592524317183e-01
-7.001837071007906976e-01
-5.450982898510690067e-01
3.216693584690377139e-01
-3.914422361576311848e-01
3.483944438332808868e-01
-7.168630918904824734e-01
-8.938400950252484156e-01
4.052432155811585002e-01
4.281057483794398766e-01
-5.885360532806027667e-01
6.284985074591236121e-01
1.768396838486872014e-01
2.781245525399079210e-01
-2.031239174100315237e-01
-6.461259417019397100e-01
-5.306703401641950091e-01
7.438316418678723174e-01
-9.666139649061612493e-01
6.984466465919945133e-01
-4.452243999524357898e-01
-5.326670143432424842e-01
-5.897976567728264730e-01
-5.718724300089819135e-01
3.608634957049403624e-01
-5.939091733918296923e-01
6.444767165342318860e-01
-2.089896829961574720e-01
-5.351049094750202073e-01
1.366349786924770660e-01
1.482826402359978812e-01
5.899814453161518202e-01
1.284162422102459455e-01
-6.533879322373731258e-01
-7.211507160304071462e-01
-1.222228248450924343e-01
-2.778021790830175197e-01
-3.930046079867085540e-01
-1.012191583609909212e-01
3.129217908305536588e-01
1.849870416523841654e-01
-6.350613538435386785e-01
-8.728941688664476617e-01
5.844104682754900359e-01
1.840921594674561068e-01
7.105506670636686506e-01
3.828026115991712275e-01
2.082722155232916428e-01
-5.879393054664147078e-01
-5.583185488981141642e-01
-6.723608938366584242e-01
8.822175246088246325e-01
7.733639844855871859e-01
-9.501376240060955825e-01
2.974501726442863592e-01
-5.212046198499305227e-02
-8.366195291357828578e-01
-1.916258314367351168e-01
-3.672801132165354199e-01
-3.146457277710700273e-01
6.092119537105630256e-01
-9.640913499552178356e-02
-1.000000000000000000e+00
-8.230246580069303652e-01
-2.115347284425285745e-01
-6.490894646325606754e-02
-1.000000000000000000e+00
1.829052443007721795e-01
-8.324934460782403844e-01
7.175492249642506648e-01
6.390728221801736941e-01
7.862397813210769693e-01
1.000000000000000000e+00
4.277542140481477295e-01
1.000000000000000000e+00
9.501571495996889993e-01
-5.885740646202576309e-01
8.267180803002811551e-01
-2.918403047627332048e-01
1.713207476132552198e-01
-9.888417334524954860e-01
-1.112644225080765270e-01
1.000000000000000000e+00
5.229496662022494746e-01
1.000000000000000000e+00
4.821651444881230320e-01
4.989023604699016068e-01
-9.295416265844025361e-02
-7.534038420091239141e-01
-1.000000000000000000e+00
6.408643943119679554e-02
3.858629844294551581e-01
-7.211446282681771569e-01
-5.440859126936155032e-01
-2.548620738973836342e-01
-3.032702560937132752e-01
-5.680338603877824744e-01
-7.289330335506624126e-01
-1.963259431451070403e-01
-6.612528969668267642e-01
-3.784145967705440095e-01
-8.410845012492019768e-01
-5.893908876092098792e-01
3.236676397202578603e-01
-1.000000000000000000e+00
7.690099041710888317e-01
-2.487081815972324028e-01
1.000000000000000000e+00
9.690275512310408956e-01
1.766908814382027737e-01
1.268467526415701374e-01
-4.593203710307894871e-01
2.501471163419615729e-01
-6.041775466842009834e-01
-2.609551573401983071e-02
1.224376315065433402e-01
3.391898743108516801e-01
6.440945515164301360e-01
1.572890190617972084e-01
-1.928940765252852296e-01
2.803502537395320959e-01
7.586295209124196415e-01
4.223660363852740907e-01
4.782575977493265240e-01
-9.226007408699897494e-02
-5.760908938074875696e-01
6.611001515976593357e-01
5.925563802061240004e-01
7.422826976048166880e-01
7.726299569091191755e-01
4.414334097272228918e-01
3.195697919174394497e-01
-5.097522368722285924e-01
-5.207726454917988024e-03
2.734308864719520171e-01
5.252499584307241953e-01
1.891998979894425337e-01
-7.991330543345942505e-01
6.631789306626497682e-01
-3.023256570922049913e-01
2.964846940036244827e-02
-5.307563634733429847e-01
6.174538507519774511e-01
1.340949690703098773e-01
9.700994436603749271e-01
3.585558443760872849e-01
6.562961275650078807e-01
1.664914151579769408e-01
1.140940576918787197e-01
-7.460576190751481152e-01
1.710853757721949586e-01
-2.439156552569750613e-01
-1.000000000000000000e+00
8.487833675353639862e-01
-7.519344720749121525e-01
1.236203900238655451e-02
9.250575444617847864e-01
-5.141797134765663246e-01
-1.000000000000000000e+00
-6.820489573384709292e-01
8.863932346132664675e-01
2.956014582225070519e-01
3.717179160119868930e-01
-3.178710389346990350e-01
1.832016677861348641e-01
2.279866869218356851e-02
-4.001209334045917609e-01
-6.560526486134732327e-01
-6.975163492005707067e-01
3.169366564120721375e-01
-8.211843044685692705e-01
-7.096691732413468179e-01
2.678358095763743243e-02
-3.139820822089839369e-02
-7.186761144713138538e-01
3.812680153238763303e-01
-1.000000000000000000e+00
7.563774825611038199e-01
-8.485057781441472935e-01
8.836808303564526179e-01
5.597858485723493649e-01
6.822367402233346922e-01
-8.775863175323543874e-01
-5.226791970871838000e-01
-5.478880213897118212e-01
-1.213938352262286524e-03
2.811454337076370602e-01
1.502224203087658694e-01
-6.420477555877250886e-01
6.430315597238559500e-01
-3.144393342759370658e-01
3.239691205802787133e-01
-3.503442385182781726e-01
-1.602277015917536185e-01
-5.508781185136757408e-01
6.071342452180755744e-01
5.163621790457179062e-01
-2.214028772948607449e-01
8.131696251197643166e-01
-2.449960298035446654e-02
8.441995737550614942e-01
5.029160029432622192e-01
8.021171709808614381e-01
-5.260806860256417306e-01
-2.612643545075287732e-01
9.739404220825809144e-01
1.593616631806080430e-01
-8.648072887880874360e-01
7.216699571294856730e-01
4.911302507878143597e-01
-9.702472898037350912e-02
-6.621127068509328195e-01
5.180147503930121466e-01
-5.538855190491949188e-01
7.450357189596557017e-01
5.466219151695463074e-02
3.194303475025239147e-01
-2.210470189453208889e-01
-5.697025657024717277e-02
-7.776288510509602458e-01
-8.008364735348105778e-01
-8.344255258088084659e-01
-5.467601403909885249e-01
-7.625175804214278097e-01
8.414389934289828732e-01
-1.634979425141130371e-01
-4.435473316888263184e-01
7.162448124927156545e-01
7.555047917016317616e-01
6.474400334759926601e-01
-1.537383653571406106e-01
-6.470285952194592127e-01
4.035471931928726885e-01
9.091767024305822398e-01
-9.772917255559659955e-01
8.448766625736034985e-01
3.868511350310739338e-01
9.830976232654750069e-01
1.957029490346868517e-01
8.553855597455324311e-01
-9.860820316045295630e-01
-6.168115464891845701e-01
5.411724521716095027e-02
1.000000000000000000e+00
3.523236961199357475e-01
-4.495926484039937110e-01
9.226065237105243733e-02
9.166505293209838978e-01
-8.417293206786924387e-01
