-5.149503401169872041e-02
2.840224688680275666e-01
3.607219909820573722e-01
8.868750631678127272e-01
-5.594979051883671728e-01
-8.493480395382554393e-01
-7.487452442499968885e-01
-4.833365960623831059e-02
-5.858590931577172256e-01
-3.786696299145075328e-01
8.816840664128176019e-01
1.885542345449264801e-01
5.773027493038622726e-01
4.334903837805237914e-01
-1.868829246040557002e-01
5.776999084233631621e-01
2.541292876565631742e-01
6.817516234096907546e-01
-8.995070297796310399e-01
-9.582961000003972218e-01
-3.150470435534296620e-01
6.044849603043258579e-01
2.000145142162028933e-01
5.456368197552069477e-01
1.972102509775031931e-01
-8.495351873761608497e-01
7.923365647555086211e-01
-4.925318292555619371e-01
-6.726544170929893429e-01
4.216168736964571173e-01
-8.187340274605590107e-01
1.223891301564246359e-02
5.859354964910845620e-01
-9.788641437369967058e-01
9.265251205840904225e-01
1.000000000000000000e+00
1.000000000000000000e+00
9.500449360299839663e-01
4.476290706000632946e-01
9.671768219468102057e-02
2.639928944077156725e-01
7.063035102289820788e-01
-1.583334560011769310e-01
7.213015199769562402e-01
3.346709420927613809e-01
8.213848471235474236e-01
1.773316942008233976e-01
2.053628738292309630e-01
-8.400899628539351127e-01
-3.964313461726695631e-01
7.465948657832677249e-01
3.179308134096605620e-01
2.415013304409688588e-01
5.377196702001383333e-01
2.143028953390226921e-01
-6.484624939212982886e-01
2.104905034891790538e-01
8.029025853869417029e-01
-4.453332896371035576e-01
-7.423173672517086041e-02
9.270920266098581219e-02
8.735888318674375208e-01
-2.264768144904656944e-01
-6.622439588371306640e-02
-2.573163763799117265e-01
-4.239260967846862904e-01
-1.847734731151028098e-02
-8.562874497395315254e-01
8.465156464129938163e-01
2.850529533034794061e-01
-9.225817211984058686e-01
-1.496009206298089256e-01
1.328536221569553144e-01
-3.426400583225287788e-02
-7.301300847556744245e-01
-2.070863936967778651e-01
6.896601909606131509e-01
5.614377869647670938e-01
-2.696166301554104860e-01
-1.377017285896771914e-01
-8.161056626660904145e-01
8.003595364128776035e-01
4.437970036874818724e-01
-8.112441394782523574e-01
-9.252025775232799454e-01
-9.249989753121939939e-02
6.199641129062585798e-02
4.108149292962946508e-01
-2.178983665059868735e-01
2.465727411575854289e-01
1.000000000000000000e+00
-5.721388659322362846e-01
-6.376950668360789609e-02
8.968480454421257075e-01
2.517638311994404021e-01
-8.105300889689222021e-01
-5.385673830804228457e-01
1.248669539000925588e-01
-3.762382452070623939e-01
6.928860467301117820e-01
-1.650938749035532616e-02
4.134726251917408835e-03
1.915789333552240237e-01
-5.913484967378963564e-01
-4.373677543341205620e-01
6.099124498397164862e-01
-5.528264486168535941e-01
3.021466743239138442e-01
1.618476059725744709e-01
-6.241585417908730449e-01
3.362317485413961471e-01
3.370845639524308046e-01
5.757531900582757434e-01
-9.037744131174769713e-01
5.392742650475903510e-01
6.550622109458139608e-01
1.608966685823721987e-01
7.527882103080349996e-01
-5.594331779922043779e-01
1.245249736832870907e-01
1.000000000000000000e+00
7.967360528681034504e-01
7.152348916651977140e-01
5.224825063291624883e-01
3.841242581769546138e-01
7.943387882400685385e-01
1.898630165491073940e-01
2.980463900461023941e-01
3.812127036554805448e-01
9.352295825632731541e-01
8.873661693810982465e-01
-1.386808390339187014e-01
-9.623240575400028585e-02
-3.812462052117198130e-01
-5.401193899210892102e-01
-6.859116549630490667e-01
-5.252135920798470803e-01
5.808655229948724852e-01
8.587007116761725678e-01
1.000000000000000000e+00
4.544640629392337483e-01
-6.787774561781876326e-01
1.407257652681735173e-02
-4.365832637228542201e-01
2.565146382451662932e-01
5.787907295251077944e-01
8.200112223437725500e-01
-1.546371160661451638e-01
6.416594284906889101e-01
4.132626281225003084e-01
8.604910608066457245e-01
5.250899953153013167e-01
1.045791531795687845e-01
5.423337029019789091e-01
-2.486229923248034490e-01
2.058328423557441444e-01
-6.460057046698861605e-01
-9.463561980061483414e-01
-3.461224575730581510e-01
2.601476527597663679e-01
-4.479176334472425580e-01
4.562645425065393057e-01
8.475772055592768472e-01
6.697114413175455638e-01
-3.419079759029456933e-01
1.741348610242333395e-01
1.766613174761879346e-01
1.000000000000000000e+00
9.797635776522147788e-01
-6.594626688616966881e-01
-8.613951784149420643e-01
6.441426187950185511e-01
3.716868815210733756e-01
6.981909114588947807e-01
9.707501068719628368e-01
-9.485979834314806070e-01
6.384369484588896249e-02
4.962105670037002536e-01
-4.949073833026694791e-01
-3.238251197754135058e-01
-2.192027039286909007e-01
-7.172112868240326788e-01
3.345811376276258686e-01
5.372671846197430989e-01
5.430366151696688348e-01
4.014096242833492534e-01
2.028254629961678823e-02
-5.722114111334452025e-01
-9.048961501513139716e-01
5.579110811510880064e-01
-9.711663954965864543e-01
4.294459178977966252e-01
-5.913568871778816793e-02
2.562733634859382104e-01
-8.282358422137396925e-01
-9.172267543942249635e-01
5.396718403705672573e-01
-7.278366448405054756e-01
-6.960394130437965732e-01
-3.211820758563429523e-01
-1.489513370207511955e-01
-7.646275599644555276e-01
-8.944890579857993629e-01
-4.923105156133609772e-01
-2.613766760925111399e-01
7.224521961676932946e-01
7.993133165829591213e-01
-2.855149418086664892e-01
-2.936484473995309430e-01
6.718241818334924620e-02
4.959533768756204664e-01
-1.438801969771995592e-01
-9.349418748217563913e-01
2.215847135204911666e-01
1.055872844468396660e-01
7.532944331791517900e-01
4.288134000495069653e-01
4.650806262390541068e-01
-1.300995513749193810e-01
-5.652938096210547991e-01
-6.895918521878955376e-01
6.135521752095950410e-01
2.065441359421317236e-01
6.342323357902615033e-01
2.307423447979297659e-01
-8.886446641754541798e-01
2.185851988930551937e-01
8.870294838749871458e-01
6.716921474772643563e-01
3.491261314540773375e-01
4.851814961024127903e-01
8.110761711234978355e-01
1.000000000000000000e+00
-1.879240619492676956e-01
-2.828225824268466582e-01
-4.292125256417745893e-01
3.747875351951790446e-01
1.530265873583393499e-01
-6.829922901923636269e-01
3.951586349481033822e-01
-6.591960073245207719e-01
-1.000000000000000000e+00
-7.285111435298123883e-01
-7.126999782346907786e-01
-2.279555743678887691e-01
-6.530306417307190081e-01
-8.794752919921651202e-01
-8.682227619973026389e-01
6.510381285892353764e-01
-8.325607560203268642e-01
4.831086454674403119e-01
-5.918925481474545114e-01
3.199533916616854601e-01
-6.079786519671993572e-01
6.000750973712141167e-01
-1.866296686489273549e-01
-3.007401773459317251e-02
-1.798351583237896845e-01
8.538152238472734856e-01
-5.870388104037952554e-02
4.008556051099771422e-01
-4.343923377419640630e-01
6.880556639863063539e-01
2.049722239173512317e-01
1.062199926177828380e-01
