-1.000000000000000000e+00
-1.000000000000000000e+00
2.748310689079774272e-01
7.345821555136171632e-01
-8.889488152283722133e-01
-7.062310735192616207e-01
3.948042505002913316e-01
7.257107916058300190e-02
7.052785896040301150e-01
8.812651804616462581e-01
6.600316417395617474e-01
-9.312917424028455127e-01
-4.392523317368655089e-01
1.727102357940193678e-01
1.000000000000000000e+00
8.370708820164304842e-02
-4.111431956403770460e-01
2.168986292926473880e-01
1.239919093777990672e-01
7.810534095597840842e-01
-6.982107876076756314e-01
-5.424312646152613659e-01
3.686539150056641900e-01
-1.000000000000000000e+00
-7.166935390393592842e-01
3.626582758266614359e-01
5.231662202902067627e-01
-1.000000000000000000e+00
-7.789036286014985322e-01
8.606397868781899829e-01
-7.824560892587781868e-01
2.636624162845063735e-01
4.178321649183074082e-03
2.481047717425519661e-01
4.931833670582709828e-01
1.534791877337771393e-01
-4.205217539890507839e-01
6.809116566453241592e-01
-5.974686541324998323e-01
-4.906959216658837164e-01
-8.679597011358997083e-01
-2.941191146610498963e-01
-4.683784734078402234e-01
-6.525995723351933897e-01
-7.541277454826018634e-01
-7.619342163204924079e-01
3.653504442760738269e-02
-1.003137463361026965e-01
-5.642003135202021680e-01
-3.471642968867431622e-01
-4.810048196444816071e-01
-3.292134690751010728e-01
1.962763376548978811e-01
-5.714850826462769540e-01
5.512823841211917930e-01
1.000271762365212702e-01
-2.398574665023573971e-01
8.302152546726073723e-01
-3.691946086937509808e-01
-4.093178619084930081e-01
4.425475425367515481e-01
2.301958051961241203e-01
5.497454542553092960e-01
7.098056874545042305e-01
-3.081168378624531967e-01
-7.640585793317663521e-01
-4.577971054984558696e-01
8.732244239490700721e-01
5.227052065262065561e-01
7.045131248254709044e-01
4.173955182892820082e-01
-2.651676339308082220e-01
4.389000967771434780e-01
8.419435177502410106e-01
-5.625762341681597167e-01
-8.246598485497375064e-01
-8.326102617940508432e-01
-1.384486745962664467e-01
1.000000000000000000e+00
-4.724079476965485913e-01
-5.356018034518770232e-01
-8.089832766303671485e-02
-8.496609217547826942e-01
-1.000000000000000000e+00
-1.848396638059695563e-01
-8.744444933157254907e-01
7.360915834985507500e-01
-3.890045419280796501e-01
-6.857242190465603349e-01
-9.570965670084513599e-01
-1.860532669923419258e-01
-4.347773171358599864e-01
-4.699063708426585717e-01
3.677718198656650950e-01
-7.759827469939762912e-01
2.616856746216807972e-01
5.786004914236853036e-01
-4.110592940800374406e-01
-7.910822126534584608e-01
-2.660848296717829298e-01
-7.398331525097306960e-01
-5.784410526360849181e-01
3.062491944026818347e-01
-1.000000000000000000e+00
-2.573553329985256988e-01
-2.071991237667381025e-01
5.259892057459931713e-01
8.356642329421943849e-01
3.619935831826939232e-01
9.944372946068874564e-01
-7.115264616745995419e-01
6.736100830370839176e-02
1.000000000000000000e+00
2.094867268242142644e-01
5.573693853608703286e-01
-9.233578845310055350e-01
-6.416995668136673547e-01
5.669582922560501004e-01
4.569570281805364065e-01
4.684987239655241664e-01
5.582490607845049801e-01
1.958041469776440613e-03
8.458312070182549824e-01
8.203757296856777348e-01
9.617043998770646862e-01
8.033086767070909406e-01
2.019202763612175378e-01
5.809200236440206222e-01
-1.379170251569939443e-01
-3.520008777860593463e-02
-5.616254126834251403e-01
8.770430236887439834e-01
-6.359875615946306571e-01
9.653438078232886577e-01
7.824287568756186362e-01
7.147121918081373870e-01
7.008994213534733841e-01
-7.497454218504980838e-01
3.739116966740416159e-01
4.293058439651602498e-01
7.394130770823293952e-01
-4.074262258345039966e-01
1.737711473037020227e-01
-2.734549721167514602e-01
2.488325022269912146e-01
8.303793526186229457e-01
1.000000000000000000e+00
2.646559690952764443e-01
4.044639940430271308e-01
9.879736087144043166e-01
-1.057775840765596970e-01
-7.938505938328246359e-01
-5.601128145597463609e-02
1.000000000000000000e+00
-5.164805332168791452e-01
5.589349638758376315e-01
8.094092860634894970e-01
-2.046915536401060776e-01
1.000000000000000000e+00
-7.371721226743252475e-02
2.197399003044604449e-01
1.000000000000000000e+00
6.417447660823125122e-03
2.167674297748515833e-01
8.791122584382103922e-01
-8.760018102318245514e-01
-1.228873858353363574e-01
-5.989228740045121624e-01
5.218103779411549237e-01
6.776173665452263073e-01
7.539254665591349491e-01
1.814629365259529115e-02
2.028874424811720756e-01
-2.243123973697805917e-01
-5.532252556470305116e-01
-5.664493872764537752e-01
-2.218951812939414792e-01
-9.008284839065845429e-01
7.686924507545916940e-01
-8.679156917199107868e-01
1.000000000000000000e+00
7.165751879612990427e-01
2.965068601943783300e-01
1.532001449156142336e-01
-1.000000000000000000e+00
4.337731003115297135e-01
1.000000000000000000e+00
-3.361403147580072082e-03
-3.894476278311174711e-01
-1.000000000000000000e+00
-6.776500608144374604e-01
1.655458171844992332e-02
4.612808565676725092e-02
5.388555722135305315e-01
-1.630752832361984650e-01
-3.610951894554682018e-01
3.426551644252121553e-01
-6.060064863987936201e-01
-4.445069252103011626e-01
3.168170028017748274e-01
-8.473350008990793159e-01
9.906367154501950489e-01
7.537332168191070991e-01
8.290556113906909497e-01
3.784024556181497245e-01
8.345523568578046003e-01
3.143187689160350518e-01
3.565388119814473233e-01
8.893218918831508057e-02
-5.689739826683760660e-01
-4.374945238339236764e-02
-5.633643337160629816e-01
5.284111196784316844e-01
5.592717370606560268e-01
7.589752466146540977e-01
3.863650660687880656e-01
-5.340185694819405554e-02
-9.191177099780259985e-01
-6.818878637495573436e-01
3.707887588932502476e-01
1.659952881037658201e-01
-3.939954161941711108e-01
6.417548790907446898e-01
6.608147675670332788e-01
-1.514490788015609157e-01
-5.413320570018628208e-01
-6.931770686464058251e-01
9.842693070242086728e-01
7.828448002836836395e-01
5.585154790781755585e-01
7.032335383965397646e-02
-4.758322039056893660e-01
-7.052504765667988451e-03
5.272772762916575484e-01
6.217105840249418369e-01
9.648146291581044531e-01
-4.893730447312580889e-01
5.647370237440380025e-02
6.113941640825159424e-02
-3.678287434892806018e-02
-9.422557918616740746e-01
1.000000000000000000e+00
6.525173356285824955e-01
-2.677694989052065710e-01
-1.165490001674124310e-01
-7.949242683444600610e-01
6.980046533141583964e-01
3.483535063692456135e-01
-2.296238763490055512e-01
6.671769545460872752e-01
1.015196256917720863e-01
8.758200054516224187e-01
6.532047777988700954e-01
6.183148415404019493e-01
-3.475514813653263757e-01
5.082184977656001301e-01
6.080335181398607847e-02
5.915365783094717056e-01
4.594178298699275187e-01
-8.853274380797320209e-01
4.681166864444036291e-02
3.285183842261820697e-01
8.490669237166972860e-03
4.862422888432140766e-01
4.581049208217335966e-01
