-1.741683143977680315e-01
-8.599608473990010271e-01
-3.289702280519226640e-01
5.061150506572407171e-01
2.196154442184917732e-01
-1.013346691829990487e-01
8.930421064715189372e-01
3.244444003675531207e-02
-6.924866388264703243e-01
2.969712248127049925e-01
-2.193396413712962456e-01
5.621907824753088478e-01
-5.630943771073335657e-01
-3.744859823622306294e-01
2.754307679136958065e-02
-1.374964136366212397e-01
6.274387155400945604e-02
-8.023820194774335945e-01
-1.290724997640717575e-01
-3.933427320232758539e-01
-6.101825264380666969e-01
-9.899345735986788686e-01
-9.106126773758793647e-02
-5.036838037828228476e-01
2.253476464387233480e-01
-1.000000000000000000e+00
2.415695015795739642e-01
4.965996997277371539e-01
2.804681182100113856e-01
-1.377611370897126042e-01
-5.376696897130215369e-01
7.363287117097896406e-01
2.970825325791879301e-01
4.828044216347765483e-01
-8.511300349759123307e-01
6.202416384675840666e-01
-7.910901660269795133e-02
-5.209345452155820233e-01
9.420712059201135080e-01
9.134829561117825403e-01
3.500553486251946067e-01
2.768157377145217257e-01
-4.440604923252214897e-01
-2.956098993761585025e-01
6.112027139085198790e-01
-8.597883320238506322e-01
-6.486726045134361129e-01
-1.880925908593416018e-01
-2.776970543339623010e-01
-1.054237071714021479e-01
-8.820965635741833122e-01
8.871121998222077920e-01
3.772650994328572427e-01
-2.013960916323744854e-01
4.903700405295007281e-01
7.965323659484000451e-01
-4.282509253604960264e-01
-5.742173436280887389e-01
9.044549692681052022e-01
-8.099678474326105215e-01
5.581447077231267428e-01
2.775427561997486081e-01
-7.209341589043571918e-01
3.418583695049810522e-01
6.360168943257242802e-01
7.781184931167250962e-01
-2.318842528379794210e-02
1.234143086904897491e-01
9.738766728069654377e-01
-5.288696439059586973e-02
-1.816674954480212156e-01
-7.426474886871403669e-02
-9.392371106715083906e-01
-5.209087553914000246e-01
3.956211289322204561e-01
-1.000000000000000000e+00
4.019595846567675101e-01
-9.731842108077071174e-01
-6.094700778188832935e-02
8.796220953232802842e-01
3.520603100393127072e-01
-1.983414373748578208e-01
-1.242946758367300258e-01
-7.004181884192676177e-01
-5.677803995286634375e-01
-9.629973334955064246e-01
-2.479584071757006125e-01
3.534641562014165794e-01
-1.000000000000000000e+00
-4.732930191922446461e-01
6.615464784628264372e-01
-3.199383136955251672e-01
6.425761027861083274e-01
-7.423135008833267046e-01
-5.320781786856669804e-01
1.541927910110096889e-03
5.013804605868531494e-01
5.148671558023831807e-01
8.385725002537244288e-01
3.847347961068867672e-01
1.542723319525148018e-02
-2.760285309904011442e-01
6.929305683984314790e-01
9.028282141849923725e-01
-3.336390892471919889e-01
3.281106707216543406e-01
-9.119033275317320886e-01
-3.881437418747432089e-01
-5.568083568538317873e-01
4.007025297540913744e-01
1.734820277863597937e-01
2.950677040600379608e-01
5.726323185651396308e-01
9.888122394642067103e-01
6.848352249496169053e-01
-8.423683379791373493e-01
-4.230899585508980376e-01
-1.867846269571955542e-01
-8.363886987079185431e-01
1.000000000000000000e+00
-3.591582557829831046e-01
-4.822740874535901834e-01
-9.906396755987962877e-01
5.644998376851771971e-01
-2.710774466976912933e-01
6.103864422798590539e-01
6.836520200516875700e-01
5.995556098032245318e-01
-7.554562894854385258e-01
-1.566725651888665194e-01
2.883421675407504825e-01
7.034937979263100605e-01
9.813791275317432783e-01
3.479679189375226023e-01
1.052317158951838749e-01
-7.353054632058568796e-01
8.203098881277415266e-02
9.477317190126344215e-05
-6.115340363104644350e-01
-1.406338961743949789e-01
-9.196027704719897944e-01
8.319063592083452141e-01
-6.703507095944308825e-01
1.131101838370898172e-01
-5.980871656019138838e-01
9.169625815886639497e-01
-6.153563942831428157e-01
-2.982586986514828009e-01
-5.936875113280837279e-01
-4.698758162773468694e-01
6.257215241367668490e-01
1.756080435475768919e-01
7.280252604262831273e-01
4.152807840102175074e-01
5.577642434918766989e-01
8.856820683328487931e-01
-3.873340275849742054e-01
-1.283907243672295917e-01
-9.059306307339454190e-01
-4.041189707110692808e-02
5.241734222630309858e-01
-2.426457488524771389e-01
-1.000000000000000000e+00
5.998485514051046241e-01
2.669447344872473149e-01
-1.239022068937378623e-01
-1.906872794531133952e-01
2.782486720611430098e-01
-7.558527565286026206e-01
-3.434973383252455381e-01
-3.782296619880447519e-01
-1.203237098193994381e-01
1.572771053350281167e-01
-2.737807790927433427e-01
2.300385763463340671e-01
-8.921998624762013108e-01
3.279036398024701704e-01
2.961570910252336875e-02
9.907333898938129602e-02
1.830103869088345325e-02
6.645044697041233572e-01
-8.918250342680789089e-01
6.208098436358931993e-01
3.433654554715102059e-01
-8.170306514612213356e-01
-3.666471507467229385e-01
-5.723649089463671569e-01
-5.229297513328805547e-01
-3.291323361214577858e-02
-6.092129630806715213e-01
7.505912765455329261e-01
-4.471061969031555616e-01
3.646589869315306487e-01
9.698267893315515309e-03
7.535167404046561046e-01
-3.664980577003937867e-01
3.021245027233177005e-01
-2.493705843333995364e-01
-3.373132569937455916e-01
-3.376039764764680595e-01
-1.807956180302505711e-01
1.000000000000000000e+00
-1.863684397887073185e-01
-4.650916010364640751e-01
7.298074959547079521e-01
4.945142794539222342e-01
5.012102310571249220e-01
-7.766803272657507584e-01
-7.125385352931834504e-02
3.476683274787917277e-02
-6.916578680155831549e-01
-8.242757581908990439e-01
5.150027511504720046e-01
1.925090312969827688e-01
-6.499227408403773776e-01
1.551871809318695061e-01
4.642847784136835965e-01
8.875830304219467504e-01
2.762796090246790737e-01
-8.081341797169819818e-01
2.602734968391267056e-01
-7.222762019975445535e-02
-8.590494522297364988e-02
9.596372363724590127e-01
-1.884080499145319998e-01
7.360293756610306604e-01
-8.011500832587968857e-01
-3.853799324378424096e-01
-3.828581158581161326e-01
-3.923745169769476959e-01
-8.785624388123555173e-01
5.765346863224517504e-01
2.672110906986968071e-01
-6.056185158350164688e-01
8.412080847296367070e-01
5.464425894803026651e-02
9.496054320158608952e-01
5.567099705384574992e-01
7.969775572544319786e-01
-2.633428678589302963e-02
1.605262741464379972e-01
7.297117742840222299e-01
-5.098867453682410789e-01
4.202924272879449141e-02
3.446895706986727870e-01
-4.760588202680020586e-01
-6.611886507515172262e-01
7.943020407741560041e-01
-1.102139351366602238e-01
8.745784035163149950e-01
-5.520455380422575331e-01
-9.304286740883837004e-01
-4.330104164288164359e-01
1.410421718780012768e-01
5.986634077870700565e-01
4.653834833984364372e-01
8.139141795131011881e-01
4.526900741519567783e-01
5.050478662312574141e-01
-8.542584842556499858e-01
-2.045068519940217711e-01
-3.634524637508618206e-01
8.020593790353955921e-01
-5.699522854472951483e-01
6.196848252431973458e-01
