1.048647327252140715e-01
6.260195976562263898e-01
8.528908650791997559e-01
7.868453792512747347e-01
5.755283836772613348e-01
1.000000000000000000e+00
-5.039185836326999235e-01
8.059243119685893797e-01
-4.624433274659743853e-01
-3.263047747299431256e-01
8.004675785005803679e-01
5.277618258546890040e-01
9.974130608804058218e-01
-8.936305995031096350e-01
5.318531774963487779e-02
8.986767368195487382e-01
-7.516603486241894005e-01
-5.302284825501178966e-01
2.134926442300116300e-01
-7.218816553445923656e-01
-8.504932840225698509e-01
4.833119110556739484e-01
1.000000000000000000e+00
2.748823311564944638e-01
-2.704372595562212211e-01
-9.197637416932208376e-01
2.344270125373685426e-02
-3.969020545686740009e-01
5.486938440349714563e-01
-3.048204933385040283e-01
9.391828441787462012e-01
-8.159851168636550467e-01
7.244963201748063630e-01
-4.354718965654544860e-01
9.872573349064411863e-01
2.583786145847262739e-01
-7.495081115296005070e-01
5.034473141656528039e-01
-6.850391619329567749e-01
7.048045824614255217e-01
-5.464004458575574263e-01
-9.796414672010541613e-01
5.117363470627491751e-01
9.597317155251386955e-01
5.297230309572635853e-01
3.172270703594279873e-01
-6.465913015819557685e-01
-5.176523330910443033e-01
4.930786718928210910e-02
4.568483139499037726e-01
-5.470200162885988648e-01
-9.920300432974358262e-01
-9.030429295692289360e-01
-7.770812765892357032e-02
8.799217469686275439e-02
-3.992870497828400755e-01
-7.098798521366664893e-01
4.207768584606131346e-01
4.742702471977088829e-01
-8.258996820145864115e-02
4.176535121337797696e-01
-8.367080674055631384e-01
-9.677540520094349286e-02
1.000000000000000000e+00
-2.914079201234873184e-02
9.983880639900744036e-02
8.996732155208203574e-01
-1.000000000000000000e+00
5.496708801691874147e-01
-3.901504033245910552e-01
-8.002144229718746171e-01
-2.869368693892218602e-01
-7.430116105537124538e-01
-1.228793590143202052e-01
-2.355690268143922073e-01
8.431520604242890293e-01
5.596643555574729589e-01
-4.768054530577372496e-01
1.000000000000000000e+00
-1.903024190501629020e-01
-7.256214671903012947e-01
-4.406273523428591021e-01
-7.981176018927588212e-03
4.045429028133465388e-01
-1.000000000000000000e+00
-5.023121173631814873e-01
-1.450515320327862290e-01
4.889407549856509272e-01
3.307279157896094723e-01
8.766895734635788973e-01
7.042786112843828494e-01
-6.852021907690110103e-01
1.623804479887036856e-01
-8.530897053956610909e-01
7.569091847999658285e-01
-1.826556272443337625e-01
3.543061617071651126e-01
2.253373031927545511e-01
9.195261362633303515e-01
-3.777334362414931923e-01
1.000000000000000000e+00
-5.512849467024669714e-01
-6.722724991851363185e-01
-1.426298156527308625e-02
-1.000000000000000000e+00
6.142347466070883222e-01
-8.790539106796638746e-01
-8.764130332786560507e-01
-3.922023461619008611e-01
4.984508390959439539e-01
-8.518440357975408661e-01
6.109514847593637832e-01
-9.500143335837377689e-01
3.714387171294533108e-01
2.834013376269812201e-01
5.927610077621832119e-01
-1.162044472614753576e-01
4.236725613481480135e-01
-1.000000000000000000e+00
-1.829278382950762782e-01
8.263567846985988563e-01
-5.058730386150100955e-01
-5.049971233626449063e-01
-7.854188198313345470e-01
-2.913061360594072433e-02
7.760981389401334918e-02
-1.646633954459484073e-01
5.108681115847878429e-01
-1.000000000000000000e+00
-1.816525050541903941e-01
2.123612057059285074e-01
7.854075989904130140e-01
8.173311620410456113e-02
-7.391689242838617169e-02
-1.000000000000000000e+00
-5.986894899641820311e-01
1.362994162322665737e-01
-6.020004267662385500e-01
4.666080818116875584e-01
9.600698229364199032e-02
5.763076568843407133e-01
-3.092340038699497584e-01
2.669770977160184078e-01
1.073225722334501114e-02
-2.690399147512797517e-01
1.480779038167435169e-01
-1.000000000000000000e+00
3.555233911669801738e-01
3.614793978047045053e-01
-1.000000000000000000e+00
6.569624432095355626e-01
-1.442670152949978857e-01
-5.981539500523582742e-01
2.575914816244926353e-01
7.353641663845925658e-01
-2.706272444456108150e-01
-3.956602265911396965e-01
-7.795371846010590300e-01
-2.672620948939799512e-01
5.273222240242817493e-01
-9.926785694696091955e-01
-8.895405077753336665e-01
2.121273407013402057e-03
-1.451526391319602205e-01
7.273397444919247334e-01
4.137922552039782209e-01
4.674377265298731987e-01
4.646426714649828926e-02
1.000000000000000000e+00
7.866247163738749881e-01
9.714952641223043583e-01
1.000000000000000000e+00
8.404345834585016384e-01
-4.560808716222736203e-01
-9.087840987004396354e-01
2.619688323408864497e-02
-2.207882583534590548e-01
-7.809541403581112817e-01
7.708653661948899893e-01
-7.139947761314836550e-01
-1.218097308415454633e-01
-8.726470235661940578e-01
4.493641999412182481e-02
-4.400389938104993237e-01
-1.000000000000000000e+00
1.000000000000000000e+00
-7.095622057906442182e-01
-5.958787009665860585e-02
5.933197649711778876e-01
1.905829723524807839e-01
6.807962250335107823e-01
-5.415682273544795144e-01
-6.267371903862558602e-01
4.053813616349297155e-01
4.104180742496842949e-01
3.578226909156603242e-01
8.284927759683418103e-01
8.109326567745204217e-01
-7.947976724084809819e-02
-1.762737600538054894e-01
-1.000000000000000000e+00
4.276897891692892917e-01
6.832239545526926916e-01
2.915017895415176752e-01
2.787725160037123340e-01
-1.857304081082523095e-01
-3.958940896516417451e-01
-8.340925002021496448e-01
1.977709858619439987e-01
-6.343436916551269400e-01
-3.493398584810804008e-01
-9.209225693505739274e-01
-1.992143538335859332e-01
-3.683485667873761527e-01
2.940270009158864051e-01
-6.427193541371124530e-01
-7.647861952379281236e-01
-1.641067506070109094e-01
9.276427516622817171e-01
2.920017117597315526e-01
2.167490510445165830e-01
-3.274712220677635233e-01
2.115618444256009978e-01
-1.731403057110889876e-01
-9.316111256719472600e-01
-7.552238652828777710e-01
-2.948124943899060879e-01
5.200052131256536203e-01
4.518952806033479375e-01
-9.704309774037027658e-01
2.139823760863051039e-01
1.000000000000000000e+00
4.370403470263054535e-01
9.717312402977665298e-02
-5.658451017403408612e-01
-1.744854259329997603e-01
-9.940794968077122373e-01
-4.464861135162941919e-01
-7.846745911855454447e-02
9.627770712614308612e-01
8.138343132169512106e-01
6.174921841075853290e-01
-4.110068051484618845e-01
3.688284035571748887e-01
5.773803243601627333e-01
1.000000000000000000e+00
-1.635357872320399586e-01
-8.370533885241359107e-01
-7.690004827459624437e-01
-5.113853313534029166e-01
8.372079962943682618e-01
1.071133248194996168e-01
-8.060255581740430886e-01
2.983322442748427838e-01
2.128929292252613181e-01
-1.841278345666666483e-01
9.727310434745718437e-01
2.339136949195072812e-01
-6.045655963777956110e-01
-3.990525200850495446e-01
-1.000000000000000000e+00
-6.864172724543922133e-01
-1.960443355261094200e-01
2.513321265570787610e-01
-6.895292853539151945e-02
