6.839883049694162054e-01
-2.029775116154313719e-01
9.931867479088344330e-01
-1.759050989210008686e-01
-2.484080228219182757e-02
4.008664920641205054e-01
-9.278676327588883943e-01
-1.000000000000000000e+00
4.026388082174727212e-01
-5.768919398255821784e-01
-3.105172228420952085e-01
-2.380630525063267555e-01
-5.792242075482338937e-01
-7.111019669764478968e-01
6.728355275085876608e-01
-6.172646171827397832e-02
-3.289706399303871098e-01
-6.117232726505127394e-01
6.029336002331969757e-02
6.212220109723900485e-01
-4.524692858583735378e-01
2.314730934096209114e-01
4.761517731000076692e-01
-1.861515793755441628e-01
6.710406264851298541e-02
8.330011007576286763e-01
-6.834651978489952873e-01
8.997247407629661575e-01
2.673510851047572467e-02
-8.078881869171065933e-02
-8.064522779075004033e-01
2.834719253242557468e-01
-5.126078299732829135e-01
-6.312997878275132813e-01
6.281527349144212791e-02
-8.337201896388557465e-01
-2.137292145065639026e-03
-5.974525889225744679e-01
1.807205854257740996e-01
4.756773404640241010e-01
-2.000569479347662494e-01
-9.254208456855739229e-01
7.570435085426925337e-01
-4.014823776101165143e-01
5.010710000673398445e-01
2.987865347814868677e-01
-5.121113040949529793e-01
7.769267688396532812e-01
6.352342440178211369e-01
8.563551318652469213e-01
-6.006203431599561604e-01
8.362655454718452841e-01
1.000000000000000000e+00
5.569951979525202823e-01
-7.741483771961529259e-01
5.321816624047582822e-01
-8.598622400939669452e-01
6.327710633301054655e-01
-1.938541045811520425e-01
-3.196883087579978078e-01
9.132686118987928259e-01
-1.000000000000000000e+00
-4.169238690707524619e-02
7.505508781646272332e-02
5.507906107932056816e-01
6.749868876359532699e-01
-4.446427515477081593e-01
6.978674138567556584e-01
5.326007719232939142e-01
-8.939560367368275529e-01
2.126800746459061586e-01
-8.408281626020023269e-01
2.115824946313385746e-01
3.113776901611702355e-02
-1.983829503072266909e-01
-5.064652276847875223e-01
7.703360782655543915e-03
-4.093579287363817709e-01
-1.046869672115887662e-01
-1.558601243466526953e-01
4.045193710248094487e-01
6.700666485745664092e-02
8.850424327752293152e-03
8.776986081758003655e-01
-9.430387681176306547e-01
-1.000000000000000000e+00
3.345563607615831270e-01
6.840183881446529890e-01
6.090782979799768126e-01
7.686328152498955735e-01
9.625510986925320811e-01
-1.387703955338530637e-01
-6.809064658408852111e-01
-5.500429361165574127e-01
7.155897541552640462e-01
3.187563200527332996e-01
-7.852649880083696354e-01
9.980075459996189391e-01
-3.305136410548125542e-02
6.075705784957426969e-01
2.523194759510667406e-01
8.061834404141281496e-01
-2.448844120056868912e-01
-2.889000467885755041e-01
9.611188725278367873e-01
7.811588868364868210e-01
1.346179304070447419e-02
7.337984430548477599e-01
-8.089299778506529037e-01
2.404603252184907003e-01
4.208178942333717920e-01
1.419997455820872223e-01
-8.180184213764393197e-01
6.425872829639061035e-01
8.651163911508102933e-01
-9.772463213086767242e-01
1.000000000000000000e+00
1.000000000000000000e+00
9.827954370325302502e-01
4.414603042293626656e-01
4.766371372284093633e-02
1.000000000000000000e+00
6.187278222552468065e-01
5.367763662857507612e-01
3.620391858655346295e-01
9.781011971934802096e-01
-5.463324890696769076e-02
-5.665954133804752824e-02
6.016783756889025891e-01
-9.690833599104595186e-03
1.116980858241217456e-01
-6.781455748710645270e-01
-1.000000000000000000e+00
-7.643949720342106957e-01
7.098739318190449010e-01
4.775098586971961434e-01
-2.602538525318588425e-01
-4.518767706039511500e-01
1.347960968113630364e-01
-3.856441307542504138e-01
-5.334994910125362422e-01
5.694420267685769421e-02
1.462018459992349140e-01
4.765062633049686747e-02
-9.119517338612578849e-02
-5.775038064461956999e-01
4.417269515253839651e-02
5.793643263276004873e-01
6.926208608027499825e-01
-4.256859114466238769e-01
2.999475996299828529e-01
8.066136910058883114e-01
9.306528089077106269e-01
-9.155520205256632016e-01
3.662792537533103299e-01
6.754403235324580868e-01
9.032316046577604229e-01
7.045195758567159849e-01
-9.090473236026000992e-01
-6.320257436858566225e-01
-2.537534619783748391e-01
2.308433531611521206e-01
1.490385522234933258e-01
8.670762767828299467e-01
-2.440630896055149268e-01
3.198770360835279658e-01
-1.000000000000000000e+00
-6.055082819582219278e-01
1.641530788254408346e-01
3.181843871097574938e-01
-8.474258981173646843e-01
7.453298655968657593e-01
3.881931281097530939e-02
3.029904132845695486e-01
-9.226870420843494847e-01
-4.209732350972612558e-01
5.371857011289625783e-01
-3.304196557521990596e-02
-4.303197335458651684e-01
-6.610139741187006646e-01
-5.032364408551490698e-01
2.469346200351735521e-01
8.992313141391864439e-01
-7.405903788713810165e-01
-2.077502171118211227e-01
-1.847040121964422521e-01
-1.000000000000000000e+00
-5.701967783411538981e-01
-1.552528127113633194e-01
-8.952997549606005467e-01
-7.826790639472769318e-01
-1.532991849863533096e-01
-9.392411014762784838e-01
1.855051074483381468e-01
-4.292092174582728958e-02
1.401829172530861256e-01
-5.338663426753169627e-01
6.812558612832353422e-01
-5.781086590547378501e-01
-7.207694525173005684e-02
-6.901752343164734294e-01
3.182807678358184900e-01
-1.266444428596854438e-02
-5.996427720449499787e-01
-8.042567696510452002e-01
-7.326853549303607993e-01
4.530865367614639316e-01
-5.577965244787985721e-01
-1.654240970922272735e-01
-9.380068669545607585e-02
-8.703670463758327314e-01
1.000000000000000000e+00
-3.305507084054927769e-01
1.000000000000000000e+00
1.000000000000000000e+00
1.000000000000000000e+00
6.101349065208415690e-01
-8.073015112200851995e-01
-5.066621524403424059e-01
-1.565559450242965389e-01
-4.561875617348687406e-01
5.234295168415791233e-01
-7.412063363866533416e-01
7.361782432380902241e-01
7.380270803047630501e-01
5.614594058440811608e-01
1.371198995497781015e-01
-9.009069237075122416e-01
7.307339316245177185e-01
-4.109202449233978482e-02
-6.104489915259450061e-01
-7.679323451532302780e-01
-9.430387482853305192e-01
7.945613743999351275e-01
-7.183874098873938019e-01
6.444685554111139192e-01
1.240450862122443043e-01
-4.421870367705843519e-01
9.138589424348788626e-01
-4.321390797986301435e-01
-1.000000000000000000e+00
6.906171714835018793e-01
-2.232627568625859260e-01
-3.654743196631364821e-01
-9.934579750708258383e-02
6.085400404210778991e-01
1.000000000000000000e+00
5.038012020810342939e-01
4.090661147463782177e-01
3.700815855185715653e-01
6.799792985770275466e-01
-2.414768134707149794e-01
3.517939270615753067e-01
6.725763134012494038e-02
8.131046143249051616e-02
-4.916304778635500333e-02
1.016868105903473082e-02
-6.777645710004773782e-01
8.984849899443887455e-01
9.285475669673846078e-01
4.951060010223589103e-01
-2.349888430772225922e-01
5.029389102049971472e-01
7.380693945030548653e-01
4.361913093235550432e-01
