-5.918022615339884052e-01
-4.302881517656226840e-01
3.780897817657792315e-01
-7.026292244070764248e-01
1.841887671452585029e-01
-5.466400563405158231e-01
1.669511283310393945e-01
8.702150852472211040e-02
-2.857808736146141837e-01
8.032740074032426181e-01
-9.069741913663666999e-01
1.000000000000000000e+00
-1.000000000000000000e+00
-5.385647965838261109e-02
-2.037732217116784428e-01
-4.505886924642834579e-01
-8.930608503482094784e-01
6.853591444152195011e-01
-8.732213269929032240e-01
-4.601032553471055830e-02
6.621044219747123094e-01
1.388484579224037452e-01
9.115868624444227741e-01
7.800384005569011014e-01
1.203857171946421251e-01
-1.279961385966074672e-02
8.240884372276618963e-02
-1.701228942171700287e-01
5.996758479164443489e-01
-5.393959266996648516e-01
4.364594834983281935e-02
9.602520764105069995e-02
-6.411758963307467862e-01
-1.953333035100443815e-01
6.408413676697430894e-01
-1.516425392386966386e-01
2.037166230537364731e-01
-4.005771728177674462e-01
-3.499609536033809754e-01
-1.751858664500073881e-01
5.833275846493846117e-01
7.953185552220080057e-01
7.698782467714009314e-01
4.619782898519659842e-01
-7.158643151788621206e-02
-1.057554582658272457e-01
2.720670996946486508e-01
1.000000000000000000e+00
7.894662902494309353e-01
-9.653955134541050143e-01
-9.270101496925966522e-01
2.010623626530023411e-01
-1.829648198893888411e-01
3.936538611755519002e-01
7.042214857341663192e-01
3.218012321826005939e-01
-9.023287421578369827e-01
3.927683108776824916e-02
-5.094557835765541887e-01
7.780757746075878112e-02
3.263022593211925004e-01
-2.319215983263525627e-01
4.877171376736456065e-01
1.000000000000000000e+00
1.000000000000000000e+00
-5.634607793375955298e-01
-1.000000000000000000e+00
-1.226656477283734892e-01
8.598858150153441127e-01
-7.327436974278362936e-01
-5.607684101652636866e-01
-1.692764530518314214e-01
-6.779792553694165003e-01
-8.937275586877942990e-01
-9.327703380787644161e-01
7.060709615305742481e-01
-4.984092196519076534e-01
6.556990043181600836e-01
7.072164551332796312e-02
-2.779758531116250930e-01
7.946529388818405204e-01
6.279861112534494971e-01
4.330717310089782224e-01
1.487232351725076007e-01
-7.981896804338337592e-01
1.331822176393140378e-01
-1.025531990899161555e-01
5.218217759156922320e-01
7.675297768316536873e-01
-6.718225875302251682e-01
-4.711056964548842596e-01
7.093197803234158050e-01
-8.037551437064130999e-01
-9.784660633378575167e-02
-5.686193823341006981e-01
7.112025526439170742e-01
-1.000000000000000000e+00
-1.614198166609485119e-01
2.083134173690303625e-01
-7.129060548646298789e-01
-1.508964166840667809e-02
3.496188948833731103e-01
-2.119150143439336165e-01
-5.618595182658207843e-02
-2.070130107675992037e-01
1.721093602460007366e-01
4.933287269358502813e-01
-1.000000000000000000e+00
-3.535455960555511368e-01
9.270565989378135585e-01
-9.549355968482345913e-01
-6.991292342984383179e-01
-7.626421740193459753e-01
8.431094945483753600e-01
8.850551794010452777e-04
-1.644268348846519290e-01
3.965170999553085940e-01
-5.801222439480205884e-01
9.848061378581769443e-01
-7.454105691395879196e-01
-7.776939406119418585e-01
-4.263589801430854309e-01
-8.256144808210669206e-01
6.099769281479866523e-01
-2.785708597403933062e-01
-3.126680091319615218e-01
3.824292859356127061e-01
-9.474945925844974193e-01
3.688518004764178015e-01
-7.038910498139205885e-01
-4.732882818905367328e-01
4.531229022236502035e-01
-5.450124909536612217e-01
5.428202545102753795e-01
-4.829363281287150644e-01
4.209214735064578106e-01
-8.285461074364317557e-01
-1.104487480278047301e-01
2.340966076088098202e-01
-6.253681834324656963e-01
-5.706972930959146595e-01
6.488890603152444037e-01
-9.628960279054010751e-01
6.394564042654601321e-01
6.060757517012989037e-01
-6.305875696592706525e-01
8.331055008128994688e-01
-7.606431433035337752e-01
3.138783959233588106e-01
-6.585096632631444180e-01
7.788775938392712428e-01
-3.136830722645888581e-01
2.573542627100120495e-01
9.400609070058905115e-01
7.240147001139404237e-01
1.593619979283076582e-01
4.706642218063052940e-01
-9.592886106697343651e-01
6.041808901375043117e-01
4.896396781783763918e-01
-2.593585960309557903e-01
-8.279253623074690482e-01
7.737946024514338328e-01
7.754223806153680565e-01
-9.853591269420636234e-01
-8.062743667680405402e-01
-8.199109673114626240e-01
-7.068292102550380318e-02
-7.015542883234027194e-01
-5.942271801583333402e-02
5.180638601022852230e-01
3.461625811689342247e-01
-8.136752597604733905e-01
6.931688478429632871e-01
1.396719517096102481e-01
5.225565571077658289e-01
-6.199001614012743522e-01
-5.042564965548687050e-01
-7.342419194544553829e-01
2.411290804674497967e-01
-1.000000000000000000e+00
-6.929990407404987840e-01
9.501436646737809744e-02
3.965316510895037228e-01
-5.761573726307407384e-01
-4.751658614779352696e-01
-1.000000000000000000e+00
-3.043513117430166059e-01
-8.625805199699261572e-02
3.237572926727079747e-01
-7.868614978810442584e-02
-1.773727540059567565e-01
-4.861783004966097055e-02
-6.096455252359802568e-01
2.540620421551554875e-01
6.841538384587138033e-01
3.478756953696757193e-01
5.563395952432611535e-01
6.927697938381502940e-01
7.707135454796286700e-01
6.409494972730332973e-01
-8.570844775187724807e-01
-3.932368673300188355e-01
8.077339468243808218e-01
-5.136294801921404973e-01
-9.147291274021334129e-01
-9.723690747148849844e-01
-1.003524739783883263e-01
-3.635581634493032510e-01
-6.180114040567380451e-01
1.228202816732746894e-01
-4.948484452083102281e-01
5.245448436757080835e-01
7.323944892971123721e-01
7.589583665556061121e-01
-9.676441294619592126e-01
-4.117042090324901649e-02
2.569277978296969911e-01
-9.362318765641610696e-01
6.321933222538205221e-01
8.443178423781141362e-01
-4.758856933002343359e-01
2.664149786159825672e-01
-4.445991401886955630e-01
-1.155363735632920774e-01
-5.200034199879404184e-01
5.511956665318952231e-01
-4.744164200879191218e-01
4.551380953540241914e-02
6.681225560279735465e-01
-6.250743179236835090e-01
-1.835893608782110942e-01
9.983592069021200721e-02
8.270614369437189195e-01
4.678006622535468839e-01
-5.199280419778373741e-01
4.916472901348166169e-01
-9.148402638985037028e-01
3.706692923990684840e-01
6.349227216008939134e-01
9.011404531723515854e-01
-1.508221081754442527e-01
-8.088309540609297521e-01
-5.030617078160369848e-01
6.717128936807414963e-01
1.146589652542399362e-01
9.328282420451398105e-01
-1.109492414817729034e-01
5.060956243653099706e-01
-4.319744593692744772e-01
4.021074459470065365e-01
9.191774160462337084e-01
1.000000000000000000e+00
-2.915642656997707860e-01
4.059431974439975388e-01
-5.573631587122160891e-01
8.775453699902738269e-02
-3.663342029941220046e-01
6.915882443651285572e-01
-9.663676764020243670e-01
-8.853015640684475107e-02
6.183096107664524110e-01
1.862543308976449263e-01
1.772054389733093427e-01
-7.113008224804520663e-02
