-1.619788166418798803e-01
5.909049020591439216e-01
-8.677555537213610393e-01
-5.750803317535292392e-01
4.557517441192772689e-01
-6.653371842740911646e-01
-3.390806231142365901e-01
4.799985762774709452e-01
7.808151800742231252e-01
-9.270640387472994792e-02
-4.769817984536510735e-01
8.405708532613951345e-01
-1.224348163945481183e-01
-9.541723744569757804e-01
-8.420926519845954861e-01
7.868908440257288417e-01
-7.727900675869839864e-01
-4.867496130719842773e-01
1.000000000000000000e+00
-6.214900352846026710e-01
5.485446097889946637e-01
-6.299949504647450738e-01
3.186173524713639682e-01
-2.971759754607117276e-01
-9.565807422483442179e-01
-5.954718155927100076e-01
5.053439921189444295e-01
3.221127940640343135e-01
-2.547850607736666939e-01
3.706722125555629299e-01
-9.269313810344440574e-01
-2.129773467583260527e-01
-1.000000000000000000e+00
-2.866373703714821253e-01
-2.504618746887470881e-01
7.139944307014256530e-01
-8.054186603126006760e-01
7.349098444098091099e-01
-4.049275738710470529e-01
5.441945419079042834e-01
-4.289036439825408276e-01
-8.383633909860149780e-01
4.782633939555162028e-01
-6.102593901665218645e-01
-3.985235620627870512e-01
-9.508830340597115294e-01
8.061483431668563515e-01
-9.786799783396776808e-01
-2.418994168261383582e-01
-4.510783156954631945e-01
7.837683216685883414e-01
-6.917845381160154794e-01
-3.396830335346757712e-01
9.170452419002107503e-01
-7.308230150122019264e-01
-3.194031249914780490e-01
-8.119875865327554898e-01
-7.751502700183238170e-01
7.712776849716389271e-02
-1.000000000000000000e+00
1.000000000000000000e+00
2.927552730898858036e-01
-5.896778980840854389e-01
8.368274402389348776e-02
-2.577224799392707211e-01
-8.786078094768234870e-01
-3.110230730469303317e-01
5.266533907473258669e-01
6.584646788630824643e-01
-4.870087242483666090e-01
-4.845966737153665771e-01
-2.820974282041522896e-01
9.863469118991781137e-01
-2.026884554218913725e-01
-2.078735979269231704e-01
-6.903412022465031939e-01
-2.960867609908249820e-01
-8.490975699450576952e-01
6.200327439170895127e-01
9.288928689449634790e-01
-6.179613479525614128e-01
2.342598697822855791e-01
-6.381492842818171640e-01
-2.489590980235960038e-01
-2.889778640360451956e-01
1.718947076288602493e-01
-3.928785044722279962e-02
4.236784398969548060e-01
6.640577657506284426e-02
8.696687549967676567e-01
5.050601749263127216e-01
-4.135166840307230585e-02
8.141307732182296863e-01
2.120993769915332505e-01
-3.207215535897814385e-01
2.557491564462889277e-01
-3.312805096867409427e-01
-3.526899594029795360e-01
4.599101344361010701e-01
2.732722606259239129e-01
1.565731109556016687e-01
-7.257990687905757632e-01
-5.145611185182091124e-02
1.000000000000000000e+00
1.000000000000000000e+00
-1.000000000000000000e+00
2.452230849930535639e-01
6.499006700140503856e-01
4.602871291143906807e-01
4.220293909579364566e-01
6.842573434508016916e-01
4.907461356694825527e-01
8.191834711276474446e-01
5.594801429304366996e-02
3.373334734454294659e-02
2.735721563958792846e-01
-9.186994067210019210e-01
-3.401655846619734413e-01
1.467041159266681549e-01
-2.291994774828098047e-01
9.205094627557504072e-01
9.263164989568198893e-01
-5.971581318822379858e-01
5.980689764437815414e-01
-6.800469645273400365e-01
2.819708387903919200e-01
-4.784445847100566862e-01
-7.052288363989058784e-01
8.455862254705804881e-01
-2.736825440092162109e-01
-5.486971045280903958e-01
8.036113998642535616e-01
-4.871965067037187236e-01
7.731635559449909767e-01
-9.953984055089750704e-01
8.384329228789271227e-01
6.655443445057374063e-02
-4.249734967354043547e-02
8.738904551333953608e-01
-1.000000000000000000e+00
-4.901945320699332975e-01
-7.093553050363904378e-01
-8.182025974868152307e-01
-4.896330223189935826e-01
8.318289825180633645e-01
8.263518928246609274e-01
-2.421318868030108706e-01
-7.673579217026980093e-01
1.695963977982855031e-01
-3.495787236046069002e-01
1.813759589154079754e-01
4.577810292708596185e-01
9.484598844112408500e-01
-6.814860437073064214e-03
9.843438549159794215e-01
-6.541259401067496537e-02
2.687792638545544177e-02
2.764877999071453374e-01
6.262023802960237084e-02
6.153477348301972238e-01
-1.899411986089821480e-01
8.590788685746594266e-01
-3.301338575965828137e-01
4.953843580754787590e-01
-1.031450015120277952e-01
-3.143407475349103974e-02
-3.812844900253066771e-01
5.306100944668626918e-01
-8.799038969772762786e-02
8.615001759292764127e-01
-3.665637785428107476e-01
-4.874027382187642865e-01
1.000000000000000000e+00
-3.782952033235738032e-01
-2.456141390301835037e-01
3.453070674681195107e-01
8.386348957486507993e-01
2.647572545534454536e-01
-9.095333506564222681e-01
-5.559807260780991189e-01
-4.993573574098512102e-01
2.573497628435120199e-02
4.832234997034182689e-01
-4.919457675467488467e-01
2.649633642488034568e-01
9.267081356981532458e-01
9.017112171269167087e-01
-4.132758467704509830e-01
-8.062883750359428614e-02
4.379847731719700432e-01
-3.469115561174074269e-04
7.480772924376408728e-01
2.251039097850748849e-01
1.220447067356330156e-01
7.855580783018680791e-01
2.781730901764832842e-01
-4.858772982178816147e-02
4.713339052309338528e-02
-4.570908786849766092e-01
-4.405338840265351497e-01
-5.123881419619609190e-01
3.087946110480402906e-01
-4.932625202735430592e-01
-4.756514207941131001e-01
-5.185000536110367930e-01
1.393968177075274317e-01
-5.950532892690281184e-01
-3.717285703857646784e-01
7.234921425926714722e-01
5.822065043752286950e-01
7.091003901386405683e-01
9.294439117643459314e-01
3.671206388561969458e-01
9.000866387979059580e-01
6.180097754189204373e-01
4.493820535169945618e-01
-1.337163343571371454e-01
-5.550151294948323377e-01
-1.264979297001462555e-01
-1.480578217462072965e-01
-8.921462352876174950e-02
4.995868171313899153e-01
5.388877506547932184e-01
-1.527183895089261056e-02
-6.347578215502884813e-01
-7.973486469241781727e-01
-6.335453137587230277e-01
-5.349297915561214145e-01
-3.135359878002442757e-01
-1.257647915519231885e-02
6.990797095285059548e-01
-7.291318029976273651e-01
3.425711957570232169e-02
2.666913611076457968e-01
4.158279664366552053e-01
8.975137783495745758e-01
-3.481108920468283796e-01
-9.726777763457601367e-01
-2.794047675174927137e-01
6.923042524239051421e-01
-6.000114981655773061e-01
-2.972378057582741873e-01
1.953750158522206959e-01
5.059138250841029860e-01
1.968207321097036333e-01
-6.661158715587556234e-01
1.000000000000000000e+00
5.506757130367814779e-02
5.950518162905092945e-01
-6.827037938187556776e-01
-9.163154656513994301e-01
7.812609737105965513e-01
8.636220418682379885e-01
4.997437700564585361e-01
6.558700435577657917e-01
-1.581659739501989903e-01
-1.000000000000000000e+00
-9.196379554270137646e-01
-1.137582791073239175e-01
7.493099948133261634e-01
-1.000000000000000000e+00
-8.805986646310244303e-01
3.786914789821026472e-01
6.225810400883866613e-01
-5.096705233310023786e-01
