3.065909364364117762e-01
-9.857170073077727857e-01
4.929219599587275624e-01
9.393433089530180136e-02
4.043367202134394156e-01
1.333584073176641294e-02
2.141617281691553520e-01
-6.772704858282918572e-01
-2.996137450723321272e-02
-6.245576643306557374e-01
1.801064201527132758e-01
-2.162813185027726015e-02
-9.232892711052815837e-01
8.987949086721435110e-01
9.094404742450601375e-02
-2.853687660193298115e-01
-4.740214760030574404e-01
6.629018072207170098e-01
1.000000000000000000e+00
-8.989510699492655466e-01
1.627795400224484323e-01
-1.000000000000000000e+00
3.931525762618538478e-01
1.522303749930825623e-01
-9.714063085727829838e-01
7.025408944617701490e-01
-1.584214420939785151e-01
1.756463647096578318e-01
5.710720126936598140e-01
2.382766164939607301e-01
-9.512004505992522896e-01
1.000000000000000000e+00
-8.706820942780461037e-01
6.792179115587306804e-01
2.693558345197198667e-02
-1.000000000000000000e+00
-8.533844403313013693e-02
2.513170445910796746e-01
5.903776260047609581e-01
3.778209602789169286e-01
-2.496270255697510543e-01
-8.392916695569304641e-01
-7.082740522739006117e-01
1.537961082496555609e-01
-6.210200486492317706e-01
7.916789304927656090e-01
5.163492507454482405e-01
8.231110210156588058e-01
-5.097553867031093811e-01
8.176748466748826605e-01
-9.627611090214849288e-01
5.654825360634233578e-01
8.421640817251390132e-01
4.383707090377846338e-01
-3.835339843394057757e-01
-8.317782451709123670e-01
-7.553817175834063313e-01
-8.580138485718522556e-01
-5.843716660472778601e-01
6.951431970414966299e-01
9.908692652183231919e-01
1.000000000000000000e+00
3.340252378532595490e-01
-7.571832890685312734e-01
-3.771838888436984116e-01
5.549481381732741525e-01
2.605617732148754473e-01
-1.425997014892849135e-02
3.775729904191669206e-01
3.375221166076872170e-01
-6.524631055573273386e-01
2.507960310129077053e-01
-4.579634418988378641e-01
7.570684602151825926e-01
3.437719473641897561e-01
-8.708383664916407030e-01
1.330561557914260173e-01
9.099569868724047828e-01
7.888635873564266987e-01
9.676096686231953070e-01
-7.464953072112792132e-01
-5.847472321114707272e-01
-6.258490964536795875e-01
8.058595898438734029e-01
-3.681353219400876342e-01
-2.055588488010084980e-01
-3.143132010905094198e-01
-2.860617112596978151e-01
1.110067114265544941e-01
-5.370377441720116662e-01
-8.848026068597110161e-01
-1.000000000000000000e+00
-2.773980027735968301e-01
4.815964248841007600e-01
3.775414799849956538e-01
-3.471927538864597040e-01
8.663093383567210815e-01
-8.800442020764337459e-02
-9.520950070332182547e-01
7.458169643689795958e-01
1.000000000000000000e+00
7.515336776941865526e-01
2.441977743832258185e-01
-3.335691581482949086e-01
-8.876732358873167250e-01
-1.256887965426963794e-01
-3.802825861784405737e-01
3.185043721718521792e-01
5.818765580382839753e-01
-7.851044455754940810e-02
8.535105387571287894e-01
6.284014135259616829e-01
3.916316153448665127e-01
-7.032651251738011866e-02
-9.583999068204644978e-01
-9.486857481071738762e-01
-7.130653505297042116e-01
4.693127183317571949e-01
-1.739140262737750020e-01
3.404316912825169350e-01
-3.140565304487370479e-01
2.512106554657014823e-01
-7.793603467294052400e-01
1.214339900188706883e-01
-1.000000000000000000e+00
-4.286337255982947680e-01
-4.816875527888888620e-01
-5.844851254337972701e-01
-6.556418356799277314e-01
4.439147762118916818e-01
4.598150049984844334e-01
5.517715629647201858e-01
-2.867185773952800609e-01
3.044383185110788315e-02
-5.214472000051622036e-01
-7.207208803038185341e-01
-1.371126573633863963e-02
-8.268164149078727210e-01
1.428548448158142303e-01
8.464070631288583835e-01
-1.000000000000000000e+00
6.458324790321090525e-01
-4.832667617990116238e-01
-1.000000000000000000e+00
-9.638372679228776052e-01
-6.827659792370497360e-01
-3.600410513982394561e-02
-2.086358542524360260e-01
5.232937888186526276e-01
1.000000000000000000e+00
4.289517443431398180e-01
2.785604488855392136e-02
1.044148703153164465e-01
-4.361512887278314876e-01
8.483550536865467340e-01
-3.329346884185251931e-01
1.198417148401246524e-01
-9.270191216825098834e-01
-9.097927637444856996e-01
9.818431296301202149e-01
1.535853346976679135e-01
1.134146914757933472e-01
2.317181737935254393e-01
4.825437096190970943e-01
7.420970874796170014e-01
1.783964689413802263e-01
1.807027344274746150e-02
1.031385949288685100e-02
1.372095602929501446e-01
1.455031597755317430e-01
8.215469061475806356e-01
3.979535390924363591e-01
3.108958831619931251e-01
-1.238570678473790987e-01
1.987862367187854043e-02
-9.513850850308297469e-01
2.873273889113160950e-01
-9.294764063465965620e-02
1.000000000000000000e+00
3.754532923706543901e-01
5.710153752932179971e-01
8.817658858117920495e-01
3.944263767793700914e-01
4.253032655931871520e-01
-6.132445912474976391e-01
-8.005645893946294889e-01
5.097796767833213671e-01
-1.998382605828778191e-01
-8.336322509074377274e-02
9.532128620554922716e-01
8.456496282039160928e-01
3.351864591319350106e-01
-4.880580007779222185e-01
-1.417470893609552862e-01
-3.667144460492448022e-01
3.617623856079651423e-01
-3.016199507692866599e-01
5.887506680035659024e-01
-1.703897444488091106e-01
-5.669905435456882303e-01
-7.006070620727844478e-01
4.395440884385547892e-02
8.092190375168043515e-01
-3.275126255886563476e-01
-9.141265807493568207e-01
8.248121484618546884e-01
6.600135231296940796e-01
-4.684791892082303955e-01
-1.504665467510979127e-01
-6.408630160099100248e-01
3.331076006934777928e-02
1.000000000000000000e+00
9.171669190406172012e-01
4.340093815512029163e-02
-4.060919856849864451e-01
-8.823381240453247454e-01
5.678793657049495680e-01
9.246381808446387796e-01
2.108908683022658326e-01
8.369680025101001730e-01
-1.855439850346684294e-01
-8.034295732471474771e-02
-8.557300298920298420e-01
-6.439947630570509451e-01
-9.094065059663934969e-01
3.247004308377063331e-01
5.403990025084700610e-01
8.219198983321029939e-02
4.325593699717593110e-01
-6.830692180852498963e-01
5.265856111431235220e-01
-7.509778374061950590e-01
2.933592913183586878e-02
5.275696808218843792e-01
-1.992875372231875941e-01
5.729277338705429656e-01
6.193237235705477406e-02
-4.965795384363035914e-01
4.195566911581468106e-01
-8.755922058195285684e-01
4.722972453630513989e-01
-2.413004213052131197e-01
5.159170479704717760e-01
-3.603294837420650265e-01
-1.924760256343671094e-01
9.111885889230784130e-01
5.180609833994671565e-01
-3.142507768841960036e-01
1.895686263052711873e-01
-9.098899192888059151e-01
3.329335059975944144e-01
-5.895654308975900593e-01
-4.636186771688247110e-01
-5.623027080372580144e-01
-3.692729192686104722e-02
-7.029387070440376029e-01
1.000000000000000000e+00
4.522289420496194978e-01
7.912962677605862583e-01
-2.561708366859669628e-01
-1.905710432731100024e-01
-3.770869029895712599e-01
8.658374091563580954e-01
5.811863930720730098e-02
1.027025223988784347e-01
