7.267760778105111230e-01
6.981761669221239197e-01
-7.903473754650099936e-01
-1.837322082312169980e-01
-8.595507890692527520e-01
5.746201908666609404e-01
2.959060341752025591e-01
9.034521420341976583e-01
9.623403853256867757e-01
-5.018464183227500097e-02
3.558371482445158440e-01
-6.160771327753651327e-01
-1.535566065126264812e-02
-8.027826703612126469e-01
1.920778613639047561e-01
-8.321592641069051888e-02
-3.811239944246463396e-01
5.506056503840739413e-01
-7.154881088670947964e-01
-4.509917714089328733e-01
6.362896639044256231e-02
-1.177845233297279276e-01
-1.000000000000000000e+00
-8.886917474674669304e-01
-6.496861996383038185e-02
-4.481057102450791696e-01
-6.555489548821301637e-01
4.500406701376397645e-01
-4.529887387171203095e-01
-5.175774690947092527e-01
-1.000000000000000000e+00
-1.854024313146743208e-01
9.093265901594386191e-01
-5.145666870397064274e-01
-7.900155570361880319e-02
3.184627014411487433e-01
7.643007417380245361e-01
-7.966044273481389659e-01
2.990096482149913748e-01
9.220835371500913924e-01
-8.119429963530424565e-01
-9.425720606136277491e-01
-4.724095724100382254e-01
1.000000000000000000e+00
-5.462862004092743362e-01
-8.467731022189112222e-01
3.894970748055912591e-01
-7.559203203859631293e-01
-5.306595261963584775e-01
-7.904722466626807886e-01
-4.371718563688155035e-01
-2.963139137446342275e-01
9.135334120680270731e-01
-5.801138692343716929e-01
3.080535393154459900e-01
1.579206400304775382e-01
3.333272843319705636e-01
-6.269072756760110110e-01
-3.273816410047510339e-01
-5.923196690030840816e-01
5.470053168319896075e-01
6.785894189886693129e-01
-8.516435630900066611e-01
-4.576994860440189439e-01
-8.057860844674932244e-01
-9.100514124915390912e-01
6.765786665560413748e-01
2.465889339039353534e-01
-3.239893547662935358e-01
4.574166937251949450e-01
6.539886146824402946e-01
7.579872695906127167e-02
1.003660116201588320e-01
4.723169243388977701e-01
5.034466727403921205e-01
1.439808110207544956e-01
6.620529756427014911e-01
5.619824428913759995e-01
-6.075429459500958362e-01
8.484326567431286215e-01
-2.746473419214174871e-01
-1.000000000000000000e+00
4.922780691846837531e-01
-3.608452676046360885e-01
-9.696666666846416316e-01
-9.596644936602014564e-01
-3.994634774866172300e-02
-5.297514417067389347e-01
8.038289549233637032e-01
-1.000000000000000000e+00
-2.675826873347307289e-01
3.592217294570814734e-01
-7.403579284394063986e-01
-4.561042782964107312e-02
1.365349702513949104e-01
6.157414033935290076e-01
3.795615735770254129e-01
-4.836243622364416739e-01
-4.986687536747412830e-01
4.814998839412865106e-02
-4.248991411194876777e-01
2.071337505889320196e-02
1.882248414315370599e-01
-1.000000000000000000e+00
3.555224792526026079e-01
3.123425988491261851e-01
-3.516158235548243194e-02
-9.374342934312835940e-01
-9.322381584831027634e-01
6.403516912297855246e-01
-9.089281833379375675e-01
-9.528514058522781494e-02
2.686671765954362634e-01
5.850384906252208417e-01
-6.337048766688606616e-01
-1.175726702538256868e-01
-1.268229775037784113e-01
6.045352153373489967e-01
-1.000000000000000000e+00
-1.927579837120919626e-01
2.362430281034752222e-01
-3.634884293913324127e-01
-5.696753525083177172e-02
2.844105585743775810e-01
-6.578860655477869468e-01
8.079486772894660662e-01
5.702800123746668559e-01
-9.988686545438722753e-02
6.410513290660893038e-01
9.966448454562177872e-01
-4.871226043105273407e-01
-8.511501847549578503e-01
6.333519499787434448e-01
-9.396031613384794312e-01
-2.963577332143871867e-01
-6.258436289697324462e-01
-2.745188855273356099e-01
4.166254053901006782e-01
4.842671438982384946e-02
3.893333310587074880e-01
-4.798937837037003939e-01
-6.584133702188154080e-01
1.000000000000000000e+00
-9.616948689500001146e-01
7.675386273548437388e-02
7.171761971320387286e-01
1.431725309204544550e-01
-2.061847575032528801e-01
9.965424974942442837e-01
4.466775730590623605e-01
5.899575357019806177e-01
8.485080473601944728e-01
-3.598086089686599598e-01
7.151428000996520873e-02
-6.311616647263798563e-02
-5.320462565654903164e-01
-1.000000000000000000e+00
6.007485840092769980e-01
-2.959555641816731808e-01
4.029393857329534034e-01
-4.471613174804804358e-01
7.706600971204081718e-01
-1.961348262195772019e-01
-7.743764795884894303e-01
-8.761918611367665033e-01
6.977742095489180008e-01
6.005213812919485417e-02
-7.803910014646471272e-01
-8.480765818760664654e-02
-6.944164166789373871e-01
-5.973891182882812290e-02
5.795952899080493437e-02
-1.000000000000000000e+00
-4.644965011876025507e-01
2.001267971742540785e-01
-5.293028991135316497e-02
-3.855129753622937860e-01
5.573351669506300121e-01
-2.347755473418241812e-01
6.653883313192328064e-01
5.806697793004059749e-01
-5.567805242516460362e-01
1.653086504168895243e-01
1.547298809860817859e-01
1.000000000000000000e+00
-4.232937086717906694e-01
-9.225104751584118912e-01
3.271993398305965695e-01
-8.449763613835530318e-01
3.299279787837145483e-01
-5.029832470122701515e-01
-4.379896792401408168e-01
6.072184230959492002e-01
-9.296576586046190194e-01
7.273358774827345941e-02
-5.574041638747773142e-02
2.107104077768866546e-01
1.714401457274765950e-01
-2.199112777280199937e-01
3.352177901565683293e-01
3.603341282616330798e-01
-1.082450302790580188e-02
4.083525509811848919e-01
-7.692723524785781697e-01
2.292232551129155804e-01
-2.906127124892177171e-01
2.347675717130190132e-01
-3.657637434594177006e-01
-1.000000000000000000e+00
-6.556982511335798236e-01
-2.864822292531010728e-01
-6.756016241596262129e-01
5.251837053828029012e-02
5.031107683963161881e-01
-8.243854140195930880e-01
1.000000000000000000e+00
1.000000000000000000e+00
7.775424291997951043e-01
6.738016357180109939e-01
-7.110962329855821107e-01
4.096347297711162017e-01
-1.000000000000000000e+00
6.217850516690104357e-01
-3.009209044383400755e-01
-2.739067245692280439e-01
-6.881193379948158384e-01
-4.265580155821613317e-01
2.990613149138485194e-02
-7.581705452620124408e-02
4.829887806746909762e-01
7.057887914411904440e-01
4.412198424835472310e-01
-7.237580042282628634e-01
-6.197861132242818982e-01
-6.935307521627215310e-01
1.513846053428136162e-01
-2.506370889844901084e-01
-4.816850923500240467e-01
-6.067131211505767396e-01
7.786073367081205454e-01
-1.513651350186485389e-01
6.506529379824912418e-01
7.971191631246564713e-01
6.710834565128946938e-01
1.824980325313028118e-01
3.298086738021315800e-01
-5.434951611761575929e-01
3.672670619671765113e-01
3.818982983336317028e-01
3.865408791421388046e-01
1.236906089849103274e-01
9.485988674863853332e-01
1.000000000000000000e+00
3.387690877866850747e-01
5.085075436430261386e-02
9.924284875108054793e-01
-5.676350111631993656e-01
-6.362377293879453166e-01
9.654648508818586272e-01
1.421347171806264520e-01
-7.153228999909542196e-01
9.975398448081825853e-01
-5.874560631025718127e-01
5.504894620352509538e-01
-7.859308687780516278e-01
