-3.493755766624838388e-02
8.799845585343160081e-01
-5.738454989995018796e-01
1.954083311332755202e-01
-3.858162694359468237e-01
-7.275664473966377832e-01
-7.913882323174670219e-01
1.000000000000000000e+00
1.846779401880460636e-01
-4.962422187645326721e-02
2.973795733924359808e-01
7.875358636485227937e-01
-4.849235693253539647e-01
9.966544580445723112e-01
-4.256502842564766631e-01
-2.252158269254201928e-01
-9.618359969002988896e-02
3.673236959136427782e-02
1.922055265915907363e-01
7.557668346496034806e-01
-7.286149326205442200e-01
-2.400177139150713734e-02
2.174492217367554048e-01
-1.723991777137641734e-01
4.782087522101153843e-01
8.678248997298974032e-01
-5.539879782599910207e-02
4.115646820895157987e-01
-6.798176812140757086e-01
-5.860275905385872175e-01
5.143080946431348721e-01
1.771945144530284455e-01
6.888931671595477368e-01
-9.735999278767610843e-01
8.056164928741034181e-01
-8.563344094079077262e-01
2.947522733117116100e-01
6.410938914747084105e-01
-4.566529481027348236e-01
2.591574377905858095e-01
3.153033259948711531e-01
-7.686816776503757609e-02
7.766807965612305686e-01
-7.808743021792859951e-01
8.057299886676706491e-01
-4.958440999455926423e-02
1.000000000000000000e+00
-4.439916183218213241e-01
-5.945283386783172253e-01
-9.165444950322996220e-01
-5.304858107856659233e-01
-5.241860965361877511e-01
-5.200704859182012640e-01
6.750948627744050023e-01
2.925556455888149721e-01
-3.416294640221150813e-01
8.558147764834971305e-01
5.830274027394408698e-01
-4.955615689551301495e-02
-7.472422130266405393e-02
-5.365866276803494817e-01
-1.514664429312691518e-01
-1.000000000000000000e+00
9.762887792604879600e-02
3.471503883703319637e-02
3.304452343743746745e-01
6.163006695294745985e-01
-3.925005803383050385e-01
-8.545448534902088111e-01
4.711547297387168598e-01
-1.000000000000000000e+00
-7.766198441155830468e-01
2.970297186999989458e-01
-7.922677711581320725e-01
1.176334849205962207e-01
5.038720096362494516e-01
-8.322332694905711092e-02
5.358800289547243079e-01
-1.087772316803942985e-01
8.673325409737525638e-01
-5.659963918949263428e-01
-8.924558275604517199e-01
3.084517824928663110e-01
-5.976571442992102412e-01
2.335863092189782164e-01
7.558310200122116962e-01
4.407119625291835430e-01
7.523100392415181803e-01
-6.593331964706012904e-01
-1.000000000000000000e+00
-1.000000000000000000e+00
-5.835013201022576368e-01
-7.743986738995667363e-01
-6.074997879590864347e-01
3.742546910039902808e-01
-1.989688847741731270e-01
4.824771166288917001e-01
2.808337480101716910e-01
1.000000000000000000e+00
-7.357687675546890071e-01
8.650754801653320891e-02
-8.969180711273667672e-01
-5.957300406261938353e-01
1.000000000000000000e+00
-9.233340702690475688e-01
6.421820093720661538e-01
5.300651957916302504e-01
1.000000000000000000e+00
5.521123071406230931e-01
-7.693327335804933664e-01
-7.903616739429061289e-01
-3.250049155329972073e-01
4.634156305982191637e-01
5.483665636854708758e-01
5.222884475515516822e-01
-9.936488122690645408e-01
-5.308599554603725679e-01
-9.980413318019595303e-01
5.370730308019446841e-01
3.608319209624388790e-02
-9.504292975114881914e-01
2.675045876931200217e-01
1.000000000000000000e+00
-4.110919125723700995e-01
-1.000000000000000000e+00
9.049469806705621178e-01
-2.636209767665079196e-01
8.249918052812459379e-01
-6.899785794313008092e-01
-1.428360333614269173e-01
-3.404781143524860942e-01
1.875226575317095745e-01
-3.379329060907899640e-01
3.356359952399009527e-01
-6.743409092857395315e-01
-9.154135502436087091e-01
-6.513271596869829594e-02
-2.191188229367377893e-01
-5.249314924334393950e-01
7.598459842908296125e-01
3.400012689452038828e-01
-8.087277099265754998e-02
2.130162370351762480e-01
-2.418825547011411725e-01
-8.047844744553904750e-01
2.969493860361490101e-01
-4.792512350577277092e-02
-3.125929246231287095e-01
-4.775224184593447330e-01
7.586004543974556036e-01
3.875128097318500386e-01
5.665039815706349735e-01
1.353880182241311569e-01
-8.729803700591701743e-01
-2.400039920661001247e-01
4.658996854746515481e-01
-9.712706901169670948e-01
-9.312764960106720835e-01
1.079644120409303104e-01
-4.587861863106506011e-01
3.140838019687046678e-01
-7.009214090261851604e-01
-1.484061310198070416e-01
1.652845229497816870e-01
7.718038960617771282e-01
-4.996067963940384882e-01
-8.344001602358812608e-01
9.113850242138532565e-02
2.084217522775609621e-01
8.375227351667557940e-01
-8.177002781153348554e-01
-4.486157430711027461e-01
2.497566606099368425e-01
-8.560265851328567877e-01
7.199661285663019328e-01
-4.979573072846048554e-01
-7.794740863251314877e-02
-6.198631041404347730e-01
9.348093835053117306e-01
-1.648588076052370788e-01
-1.000000000000000000e+00
-7.788845157960744281e-01
4.579481396101887092e-01
2.852290537551231964e-01
-4.862326308748786130e-01
8.160353006606497761e-01
-4.105101468051721159e-01
9.916347011957138413e-01
-9.309394009808649173e-01
-2.884351849820115388e-01
8.901414788677259882e-01
7.711975624368906379e-01
6.002314268579188594e-01
-2.760458663288489767e-02
-8.664752295567024198e-01
-1.626982567985865991e-01
1.537602764283138579e-01
-6.309997572335528382e-01
7.809519965620688176e-01
4.935502357798596251e-01
-9.457627311194802822e-01
-5.561572524708736642e-01
6.338950405217440576e-01
1.954908015349676731e-02
-1.331858450294590990e-01
-5.261275047283484607e-01
-5.741738611126616654e-01
-6.743207884642584693e-01
-5.548352885237171073e-01
1.895854576333988462e-02
-1.247733341218723591e-01
-7.389429401323951430e-01
-8.114121028074272601e-01
4.474732776862608841e-01
-6.643628375984577117e-01
5.380066610814047134e-01
-7.020797179690461132e-01
-6.669921709099685403e-01
5.476373584794719251e-02
2.514398855899013796e-01
-6.034831170789701771e-01
-7.498836709340037654e-01
4.696167288832633346e-01
4.802517781740553993e-01
-1.803796804548023491e-01
-7.388353529666468189e-01
-7.472140669700942928e-01
8.932262240292083710e-01
-2.000394092828348125e-01
4.848032364416681173e-01
-3.899834774267000315e-01
-5.105207665749884605e-01
6.382759740006664906e-01
-9.649361370154911910e-01
7.816131447540275445e-02
-3.820724221556756062e-01
-7.606093103874580486e-01
-5.009653692876221420e-01
6.071791054472797100e-01
5.611762548604086742e-01
3.766920321614020684e-01
5.556859522112271854e-01
9.424946594196418337e-01
2.487592233612465897e-01
-4.039104608327962476e-01
-1.052036164761966097e-01
2.287042660463337040e-02
-5.082880461374301717e-01
-3.160506622867158000e-01
-2.657446940354097897e-01
-6.713911375125652947e-01
2.410010007565368539e-01
-3.578043415751690492e-01
3.714222839064094672e-01
5.226166314906974808e-01
7.911557527519647026e-01
6.522253707949039470e-01
7.665236758729498945e-01
2.076526256536653237e-01
1.000000000000000000e+00
-4.932152974696015768e-01
-1.964888207046748825e-01
7.058791010682261557e-01
7.829876827164632402e-01
-7.163746492798803711e-01
