-4.901732142621412214e-02
4.375173364735611692e-01
-9.538080448703358805e-01
5.595396003793111639e-01
4.778304733016455197e-01
7.434876247333884747e-01
-3.717820122856366760e-01
-2.410573512151219927e-02
1.149933296036182023e-01
-7.094392616821154629e-01
-6.601986501542043140e-01
-7.015654542206195554e-01
-5.341291175134031954e-01
5.637122574577438927e-01
2.394116995887563826e-01
-7.064490077397161949e-01
-7.976672444297389086e-01
-8.971346866306941781e-01
2.972875227610283222e-01
5.301301737715088391e-01
-7.468375109967220205e-01
8.558446181079679693e-01
5.310416177763781498e-01
-4.011671305098146734e-02
1.359158280377908631e-02
2.073825195381475972e-01
7.161902224923245575e-01
-8.471622893439231805e-02
-6.632387843784647297e-01
5.803229439306371168e-02
7.046345110790900312e-01
-5.701317996245157671e-01
1.879045870816307695e-01
5.296638104242931133e-01
5.895455572003945877e-01
9.353496870627031612e-02
-5.202740522978105409e-01
-4.106379283257155510e-01
-1.006519940821083148e-01
4.131284114826083154e-01
6.039706055077038727e-01
5.855951675676905888e-01
6.161863703784524748e-01
-2.568085116518321054e-01
4.598636209500394090e-01
-9.316471220432931410e-01
-7.617099867883621034e-01
-6.254504426162666997e-01
-3.958569180342778604e-01
-5.259026458127290526e-01
-8.825903830896417723e-01
-3.209413601152877882e-01
-7.804212413571799678e-02
-3.512661323168259075e-01
2.778202500264159158e-01
3.937393403196766117e-01
1.000000000000000000e+00
2.664588685348181496e-01
1.000000000000000000e+00
1.000000000000000000e+00
3.824827095237892660e-01
-8.081574493819531080e-01
5.897733239869169530e-01
-5.603605119529000422e-01
-7.008785842768195939e-01
-1.991228082001051947e-01
-5.941811331700896925e-01
1.236081931158582725e-01
-5.168589262841579712e-01
1.950462370412861801e-01
-7.934031953995343001e-01
-8.261300805939193470e-01
3.938784718304618182e-01
-3.397892703698399131e-02
7.029066326142918708e-01
1.669790497717731359e-01
-3.151969937363593433e-01
-7.829305460990904075e-02
3.515824627518335244e-01
-7.014547944530554746e-01
8.579873338550121353e-01
-7.326823848180393783e-01
-6.314048699271013199e-01
9.159648046745286210e-02
-6.210076516063413044e-01
-1.031204454790027036e-01
5.321211592828358761e-01
3.800934763920442716e-01
2.512804564679923525e-01
-2.867344536268320171e-02
-8.010976458824589086e-01
9.974155736378043091e-01
-3.794140903769093187e-01
-3.929824132270173243e-01
-7.892303375292406553e-01
2.243383929537724197e-01
5.984606750618680637e-01
-6.477736988698561404e-01
8.478215205706111091e-01
-5.862233668423132427e-01
-6.514526868855633479e-01
5.197621506895319099e-01
-2.924644427362349530e-01
-5.083250125096009375e-01
-6.708123280699374025e-02
3.104618369819438228e-02
-1.612530696005122222e-01
3.000968804743174290e-01
5.264774733528697626e-01
7.755436515229023886e-01
2.651766969251055373e-01
6.291236413123824089e-01
6.976102530950493985e-02
-4.266687086223115988e-01
6.670632384654739955e-01
6.842608410733435065e-01
-3.018951583433000518e-01
-1.069430298370653287e-01
1.726605978128913366e-01
3.253484394409619784e-01
-4.802859424964552315e-01
-2.282235929583820988e-01
3.696709004753645500e-01
-6.902809700665833992e-01
-7.372000800851467028e-01
7.183717364627131285e-01
-2.470613922860080691e-01
6.994716798911952693e-02
-4.973578239592835737e-01
-5.763871625240180041e-01
4.723305744013176488e-01
2.903365089086443196e-02
6.228362970289466061e-01
-2.259136439983963629e-01
-2.054118904995542727e-01
4.876392208644844128e-01
7.836127913089916408e-01
-1.987809872821825197e-01
3.744903163047335615e-01
4.650340039936249892e-01
-1.411371481536302097e-01
4.932778542341299532e-01
-1.000000000000000000e+00
-8.860457923054723128e-01
-6.934395574443451560e-01
8.128463776416544606e-01
-7.852265238011753024e-01
9.376052403934446167e-01
-9.083641536607501843e-01
5.471055173838257346e-01
-5.687171580227435852e-01
-9.414081408933551165e-01
6.820265347537068923e-01
9.695229349767585381e-02
2.018570586890152396e-01
4.422015463047314077e-01
-8.817640286448702458e-01
-6.791714830896870003e-01
-6.479948196931271109e-01
5.875349167622063717e-01
8.258418366658889509e-01
1.000000000000000000e+00
-5.049450089095713912e-01
-1.000000000000000000e+00
-3.592425651916707485e-01
-6.713220097772775175e-01
-6.006838330102084456e-01
-9.938474710978638660e-01
3.124235975591810877e-01
-9.704405375114575349e-01
-9.086183036652165645e-01
-6.473303510872921995e-01
-4.260790315262741323e-01
7.397204240328127955e-01
-7.153945329881776782e-01
-1.425243025636600547e-01
4.399165275744303383e-01
-3.250397866774341060e-01
5.515053213121776654e-01
9.339819022683946148e-01
-7.326890655218231130e-01
-7.876301448146186823e-01
1.000000000000000000e+00
-3.710023590183563202e-01
5.174995390017007590e-01
-7.231423855622733932e-01
-2.528797381710029546e-01
6.817181107463826661e-01
7.886798706866592346e-01
-5.711862848014414018e-01
-6.771782152502172636e-01
1.000000000000000000e+00
1.000000000000000000e+00
-9.232840519618070729e-01
-5.261343207860580407e-01
5.906771803480244387e-02
3.463464521282449970e-01
7.766982781006808167e-01
-3.347985312727924656e-01
3.400111581852929277e-01
-2.722807899754360883e-01
-1.000000000000000000e+00
5.154676422611159659e-01
6.445610196429077954e-01
-5.381384303247714884e-01
4.116709318612263302e-01
-4.411564667064269418e-01
-3.702552140152940430e-01
-4.190381568074366680e-01
1.844024985732359290e-01
6.748430746487209531e-01
-9.161569914001953530e-01
9.990979580970595908e-01
8.815487212979340459e-01
-5.620516087306099973e-01
7.836440586166441014e-01
-7.415018469089867947e-01
-8.721816274095546273e-01
-3.609827544672019606e-01
-2.514035261027102730e-01
8.763403405328222817e-01
9.787103663779191942e-01
1.395806912495676233e-01
-7.424272356481118607e-01
7.687825978837967700e-01
-8.803622575499275849e-01
2.547261217417949863e-01
-5.691533605686791564e-01
5.207807215633821762e-01
1.986684307157363105e-02
6.069118543577954883e-01
-3.954236172679769235e-01
4.059256128701377864e-01
-1.012510155253038002e-01
2.281794495382148402e-01
3.390785921087892119e-01
-6.453188374813709771e-01
-3.629157292966457282e-01
3.815731154346567178e-01
-1.295570611622477442e-01
-8.582497395949242325e-01
7.569111957827197035e-01
-6.186399359350676086e-01
-7.655510933021733577e-02
3.294757158463322844e-01
-1.000000000000000000e+00
4.305488875292647344e-01
-2.105575166189778968e-01
5.018299134167061165e-02
1.412003541566758669e-02
-1.865399216902198787e-01
-3.819443930633461548e-01
-2.675570886667327786e-01
-2.503867568486518591e-01
-3.747484569880911720e-01
3.098159810988188045e-02
-9.158928487189083034e-01
8.441222103736206739e-01
-9.745036040165109270e-01
-6.679196217441922823e-01
-9.480908178113702789e-01
6.583981321837791834e-01
-5.171016543437090274e-02
1.000000000000000000e+00
-1.000000000000000000e+00
