-5.262810248065095120e-01
-9.145070056486974686e-01
-2.437861548382924681e-01
-5.632588663822912789e-01
9.393665241425923629e-01
-5.127386394355986088e-01
7.253668962835766454e-01
2.708063122753034957e-01
-3.497100671652939585e-01
-7.021555769186171858e-03
-6.373176911580633597e-01
7.070739182182879112e-01
-4.743005534273134760e-01
6.919932743238930151e-01
6.987206976112525503e-01
-3.661046080801888536e-01
-8.265486772956234240e-01
-7.751365721899072803e-02
2.610092891384728220e-01
-5.787112688249054226e-01
2.402643526395029649e-01
-4.714461848496189766e-01
-5.099809228250389292e-01
5.458496434614237280e-01
-9.733443838456830033e-01
6.224791824418111075e-01
-7.837366988970302373e-01
5.887862016872342785e-01
2.998236807373488855e-01
9.317209827806747224e-01
-1.140151006402167905e-01
-2.032032907977785463e-01
6.632273306463253304e-01
-2.868855059019239651e-01
-1.036852879535390404e-01
-8.568632449793016637e-01
-9.677964462234646126e-01
6.434341378394421440e-01
7.874307540590754773e-01
8.390380894814346568e-01
6.647220967198377295e-01
-5.753328895973659485e-01
-3.666051759767461338e-01
-1.100673188597147689e-01
7.415707479179212136e-01
-5.060339083991668985e-02
1.000000000000000000e+00
-3.334906565316029248e-01
2.724334118198423749e-01
2.674331933743714362e-01
8.857656973175254134e-01
-2.407144264469557593e-01
7.565609719184577253e-01
-4.204441390336720041e-01
-9.355614829931517828e-01
-5.004534969612624007e-01
-8.894637500352045034e-01
-6.364292629509344934e-01
-5.534593707982233823e-01
8.924885092387802032e-01
7.346091669285612635e-01
-8.008705213074550633e-01
-2.045294899710736747e-01
6.374317000097292629e-01
-7.118390043252043053e-01
2.947550915475073419e-01
-7.795726357550700758e-01
-7.692771713257948729e-01
7.835572880482566394e-01
-4.627916895764456195e-01
4.008346361032366634e-01
-3.784049868957728435e-01
-8.340344330812619056e-01
9.617658346677795400e-01
-7.110238699183362154e-01
-2.351950268521278975e-01
6.913097054791021712e-02
-8.201656467200346690e-01
-1.000000000000000000e+00
4.766269280718014867e-02
6.647742190077687852e-02
-5.856302867566938186e-01
-2.917221770139870607e-01
6.525036121965814839e-01
1.000000000000000000e+00
7.073994953797735352e-01
9.969171940028078716e-01
4.623557745502083760e-01
-1.158461141257975252e-01
-4.990303252365346776e-01
9.579178974033630833e-01
-8.128681533624759759e-01
-8.517969538904730520e-01
-9.456704085356488765e-01
2.698775823944632446e-01
-2.929362671721734146e-01
9.821906664584294511e-01
-2.187938246072201054e-01
-6.681758812175622175e-01
-2.753980763663789189e-01
-4.640339671410240729e-01
1.000000000000000000e+00
3.282008471841671993e-01
3.770003162441026845e-03
7.860075857049166892e-01
8.909341132527981433e-01
-1.402932373920320330e-01
1.357520592814677185e-01
3.230742177106581126e-02
-2.178352804057670788e-01
2.138529219798291081e-01
-9.147646668415232440e-01
-7.978107070024935688e-01
1.019009550010435694e-02
8.781952797589382964e-01
1.026788609172448741e-01
-6.575968771359868015e-01
5.996680718457521042e-01
-6.711228445251093966e-02
5.033439383857709615e-01
-9.646729587749398593e-01
-5.182136466188018709e-01
-3.637507797980521485e-01
-6.682781866999913944e-01
-8.523235287013921635e-01
-9.334122968889946304e-01
-3.332633250563701299e-01
6.112561714434177063e-01
-8.420355186185752849e-01
3.272287588391007418e-01
9.980424097746083412e-01
-6.093219292177451951e-01
2.871968330665188862e-01
5.580637134707442382e-01
-9.509537265909449033e-01
-8.629847417588469849e-01
-5.228117092249954245e-01
1.999195058832340666e-01
3.554553180328856588e-02
7.260819042523273259e-01
4.743368832307397476e-01
4.940427185523150744e-01
5.425100408850891398e-01
9.605104850862353771e-01
2.690145193854949213e-01
-2.669118032764702941e-02
2.943843122801383938e-01
-7.497261098650540578e-01
-5.147204469407423016e-02
-2.761941507407660867e-01
3.320579335084716810e-01
-9.856954296593989362e-01
-7.981275049333851346e-01
-8.354036106299140840e-01
-2.751017082940645508e-01
9.457187444616113048e-01
-4.883516026543474053e-01
1.385178565226685699e-02
8.732770237383641332e-01
4.359677717030141508e-02
-3.154364764206443184e-01
9.815975158027939740e-01
6.260056697786481328e-01
9.147732633563778748e-01
-4.841939676123638847e-01
5.271457985229122123e-01
-3.123319478382220460e-01
-5.324935011236677784e-01
-4.613217788842756129e-01
3.329599229305451602e-01
6.113527909584484110e-01
-6.279226027681854561e-01
8.019901741044115351e-01
8.044520009326006083e-01
-2.295719855074329629e-01
8.197480220413241314e-01
-3.922224243577396852e-01
6.513883547629766291e-01
3.513473298768957642e-01
-7.087103116345241371e-01
6.768057290063332898e-01
-2.183697430104406256e-01
6.130923642074675994e-01
2.100427384481511062e-01
-7.854601402391709897e-01
7.740663332867074864e-01
9.885136126331794948e-02
5.418892217621888996e-01
3.119497373974113863e-01
3.347027261754542682e-01
1.392390580607446027e-01
2.446125992997774667e-03
9.524045214454108788e-01
9.369763991988128149e-02
8.811038465552344101e-02
1.000000000000000000e+00
-6.895045240562025501e-01
-1.417135411158287894e-01
5.219663643208911630e-01
7.532396821289187860e-01
-5.702075567560850322e-01
-4.731270593478782427e-01
1.444595776346862259e-01
9.230236040772327177e-01
-8.845410131117319441e-01
-9.785736766165515910e-01
-4.231577752165081585e-01
8.015637197607916598e-01
-8.969321074559530871e-01
9.472074794304408130e-01
-4.867497863216039278e-01
1.434689282653527354e-01
7.463098510504639904e-01
3.714859501824563370e-01
-2.905317524594853706e-01
-6.876271311252624141e-01
7.285155502511453385e-01
6.315043485069673501e-01
6.807887146864380901e-01
2.236551040453029771e-01
8.403014835843947150e-01
2.983472369361465648e-01
6.757034474078080777e-01
-6.275043569772846830e-01
9.963254273867348798e-02
-4.523541802361929487e-01
7.450111727677288798e-01
-2.007800073686618059e-01
-7.667830999130824665e-01
1.905373619658809470e-01
-7.704212272119248528e-01
4.534541951000176790e-02
-6.180299800824835543e-01
9.875991893639805008e-01
2.286076373742157164e-01
9.528370466067801470e-01
-9.248416752773001015e-01
-3.448287181220131004e-01
1.232660021716068255e-01
-3.219445774824887252e-01
6.263933276968887132e-01
-3.120359844794191595e-01
8.307943181467790650e-01
4.179328619053623850e-01
-7.276902843615564720e-01
-9.113704993961093681e-01
2.359231798238246025e-01
9.128470601824998365e-01
5.721919086083415706e-01
-1.626151889100537762e-01
8.652608329096074247e-01
-1.000000000000000000e+00
-7.856840951399655104e-01
-8.473924065030031816e-01
-6.857412431910305806e-01
-7.744766945840781958e-01
-3.662833540721008863e-01
-5.743440799582968381e-01
-1.943905437472757125e-01
-3.765720911906837998e-01
-7.952992791882897983e-01
-4.615212498003855579e-01
4.802749223637010623e-01
-5.221853381132250949e-01
1.667004898485277553e-01
