8.467476509544735741e-01
-8.955279567909868454e-01
-8.852359144925312506e-01
1.047756493720710669e-01
-3.536873834338249978e-01
5.801200092561880073e-01
2.330708438708801733e-01
5.157848558954136742e-02
2.793327795335831532e-01
-4.221024856086783572e-01
5.760443313209437921e-01
9.325900041252956907e-01
7.792515201316856377e-01
3.951309276929493297e-01
-4.319039273410887336e-01
-4.863303731621297921e-01
-3.718355870548830655e-01
-3.621700327674679531e-01
9.740846605315836015e-01
-1.220737654559853613e-01
1.989087469852444112e-01
2.549787189508374574e-01
5.674237152164158804e-01
-1.860417925912558612e-01
9.084254425213185158e-01
4.543017871047478895e-01
-5.117577062870299898e-01
2.649131390981585010e-01
3.960811762515339396e-01
-8.963451598749077043e-01
4.367103600386788020e-01
-8.324456624391292081e-01
-4.346801348336686299e-01
-6.797361086278612685e-01
-9.940696241521636001e-01
3.633520605398823378e-01
-4.387608793253601203e-01
5.724574026736872767e-03
3.320471292800875052e-01
-6.217908073049716045e-01
-9.788568944166251562e-01
-9.650522127484109092e-01
-8.970595097797673390e-02
-8.500946371366773224e-01
-9.927864594270885412e-01
-2.967313732257541581e-01
-4.292453728822156478e-01
-1.559547837662298431e-01
-2.172110632046855283e-01
-8.215010241677558334e-01
2.835173043149323835e-01
1.215066983474597517e-01
-3.671928602913407946e-01
8.295138410317319799e-01
6.225972640034300731e-01
8.748929104978033777e-01
8.317076501319549120e-01
7.201652831132352439e-01
3.956374166313390006e-01
1.202123407381314735e-01
-6.546917770592937114e-01
-1.695043626774304091e-01
1.478290992980224594e-01
-4.388587800749577106e-01
4.552475299371709916e-01
5.187046629724312297e-02
-2.704905545828610869e-01
5.372502118675552829e-01
-8.008569787235153559e-01
-3.905723565153398358e-01
-2.798604401065172276e-01
9.571248298534109633e-01
7.817872376673686841e-01
3.947533424096438814e-01
3.333768589761607615e-01
-6.310435818290074383e-01
9.041567874750573441e-01
-3.187664808732777466e-01
5.662685895418066995e-01
-7.868549788365430953e-01
-2.186917175415223902e-01
-3.055528616672105180e-01
1.841822842987905773e-02
-7.277728241633425466e-01
9.871460350309351206e-01
-6.974263204524182580e-01
-5.644590971421927783e-01
-3.033061027414352129e-01
9.683440087909065408e-01
7.180969767210998445e-01
-7.847023826125925083e-01
-3.929512076899130957e-01
-4.379614149705586268e-01
5.269486645464060981e-01
3.310528822963410001e-02
-5.061841974696859037e-01
-9.979245555082303376e-01
-7.290007770435129597e-01
6.188759149190483644e-01
-7.394482794799284164e-02
-7.292961734726250977e-01
3.352523418338144712e-01
-5.556203479885308827e-01
1.496032019275916891e-01
5.703603716716008076e-01
-1.935934751068386639e-01
-6.118709076325767882e-02
1.131672712240869849e-01
6.154761553289980203e-01
8.969440459947921607e-01
-2.409530758317153243e-01
-7.607466720981039821e-01
-7.791626964792299770e-01
-4.782465653422063312e-01
-6.472367796369606907e-01
2.397510684336754405e-01
7.224237383023679460e-01
-6.070288742386462655e-01
5.210173379430720342e-01
-2.318707312814134447e-01
-9.224214673426218702e-01
9.632850487404984730e-01
4.846953919071728123e-01
-5.663939570632752218e-01
-7.612771719527693381e-01
5.150151073863051820e-01
-6.367409384342437306e-01
5.012281356998382620e-02
8.500898071757418961e-01
2.444078172994541553e-01
-9.747113269266829416e-01
3.481612855478126711e-01
-2.292383358636111979e-01
3.040597929703294788e-01
7.031918670717856035e-01
5.421260518046246979e-01
-9.984501629852839955e-01
-6.499503698171915644e-01
-8.139209391028658924e-01
-1.213671349324552118e-02
3.137754269789820860e-01
-7.392262067151600391e-02
-6.994237908961795647e-01
-7.692367882831598891e-01
6.184145607345687967e-01
5.478635791937165322e-01
7.726169341968671667e-01
6.867302521538070081e-01
-9.907168042070428893e-01
-3.791813517408990641e-01
-8.797859975614987782e-01
-3.854153101578172702e-01
-6.283361365932877973e-01
-4.438116582151923062e-01
-4.796578816301093617e-01
4.142100144502061099e-01
8.461329000443484905e-01
-6.882400476854251270e-01
-1.662873328296474718e-01
-1.916698789444797324e-01
-7.160446847508039614e-01
-2.423954227280054052e-01
4.418435690964399587e-01
6.603799835455528289e-01
9.063607373394064748e-01
-5.905467763680642967e-01
-2.449018542051026870e-01
-9.985318898709261148e-01
3.052184042790528906e-02
-4.963272948719708033e-01
-7.267818672133457003e-01
9.255550742249805118e-01
7.288825539036669632e-02
-2.613195626294795293e-01
8.230395499386673475e-01
2.498202712713708529e-01
-1.027898792103993930e-01
4.256583827156790178e-01
-1.902461734591596176e-01
-7.616297017467077435e-01
-3.912977412812062017e-01
-4.708824308979584483e-01
7.443137295891060212e-01
-3.780228888678174304e-01
-6.670214944784202959e-01
4.538075585400158651e-01
-7.422790764071820480e-01
1.450097850339731043e-01
-2.299128265587830899e-01
1.952459755249176254e-01
1.533017017365967405e-03
5.548827437705063925e-01
-6.420933450936603393e-01
-4.780093183819622560e-02
-6.972682648326495869e-01
8.011696263177148225e-02
-2.283493188464464918e-01
6.654929954179755747e-02
6.296583766806043148e-01
-4.658771225652111880e-01
-9.211231029508228918e-01
-3.400686761390805390e-01
-5.269655476787247217e-01
1.441126088318023246e-01
4.149896388231946176e-01
3.162122190150076229e-01
-2.931693552279801551e-02
-5.440573643532606862e-01
2.662282935711919318e-01
-1.189023509680995350e-01
9.348791915912377792e-01
1.635908361604645478e-01
2.856444033693033013e-01
8.923872833274910654e-01
-1.041712133576733201e-02
4.162262898184738713e-01
-8.874073168911471576e-01
9.559250382420394487e-01
2.926648941506242441e-01
-6.068023959080199869e-01
-6.995304824539272381e-02
4.971398586987560986e-01
-4.848188183290720321e-01
-6.343634676941671824e-01
-7.718859094795238462e-01
-1.959101829316114429e-01
-1.768683962241071050e-01
9.345949678707072827e-01
-6.659247832063728278e-01
8.697497361968091756e-01
-6.231746620920970425e-01
2.447596648591414681e-01
-2.871501520627797177e-01
-5.014165969398987066e-02
4.891969123337025493e-01
-2.752594926120781604e-01
7.657953692778627364e-01
-9.010812715759988212e-01
9.429341622045233073e-01
1.418479084444219662e-01
-5.262270878661234885e-01
-8.393731237617783059e-01
3.815380362602076580e-01
2.450800663814209912e-01
-5.951931580873905947e-01
-1.817460086982840561e-01
-4.584169942641191930e-02
7.213051609047578250e-01
-5.069741079089939984e-01
-5.984464328976548675e-01
-6.401373783869621636e-01
-4.223793427552768875e-01
-8.399736852126340469e-01
2.733855821959683130e-01
4.390560388760418320e-01
-4.461066677212122134e-01
-7.572907790032590292e-02
2.581295386133459768e-01
2.200196880849445424e-01
-7.038839291348797378e-01
8.832188551302295743e-01
1.833404792459001342e-01
-2.728473697099342843e-02
5.133154126794077232e-01
2.192170728032121207e-01
