2.378096226804772284e-01
2.594958994130915908e-01
7.875380677488349468e-01
2.748038902669145411e-01
-7.356542273763106987e-01
8.709275580425596130e-01
-9.766228691153502894e-02
1.181686273638356127e-01
9.127305498138053030e-01
-8.881831410783144198e-01
5.813235020582715462e-01
5.171473501922432270e-01
-7.915800336575120610e-01
6.257212056004668455e-02
-5.915109924517309992e-01
-1.908666508614342838e-02
1.865608839955008313e-01
-2.266113497431804791e-01
3.359120218157025661e-01
9.929371455719686601e-01
7.868762254783248089e-01
-8.585085241292899072e-01
9.084697807147056325e-01
7.758160846317154746e-01
-4.818244210797850702e-02
-1.172961033860429880e-01
1.000000000000000000e+00
3.461453407075953392e-01
-6.988418005115419884e-01
-6.457284143365509266e-01
8.227859679318236807e-01
-7.549686346243371649e-01
6.308892655132872784e-01
4.764316577401380565e-02
-2.962977961803648363e-01
4.569161240523264556e-01
-4.378257487367102629e-01
-4.848093283361444850e-01
-7.250304995968811506e-01
-1.762103208822871359e-01
-7.078404579875245961e-01
-3.612494257947440057e-01
5.528731971803297479e-02
9.197928791495194600e-01
-7.351405838314473140e-01
1.000000000000000000e+00
8.063803907776120883e-02
-1.000000000000000000e+00
-9.977324881642738452e-01
-9.820465065875069177e-01
-7.986259511718984960e-01
1.586570935778501001e-01
8.448454859049072674e-01
-5.522355427783340875e-01
8.777440585169833387e-01
9.304962310618997146e-01
-8.284675658435859402e-01
-5.589459028413314989e-01
-1.466470137415923358e-01
3.863794723967362565e-01
-3.329388419674331190e-02
4.668570631527035886e-03
-6.707935059812355494e-01
5.803677205882102896e-01
3.302528137723899082e-01
8.364171994080814576e-01
-2.635809659485588430e-01
4.305191376980747053e-01
-8.601120179932851828e-01
9.850661528772602926e-01
2.907815615176234658e-02
-4.158278791451979206e-01
-5.659188608835753476e-01
-7.592439318657768776e-01
8.844198181592802799e-01
7.862511593267553778e-01
8.078894643849121593e-01
-1.642581108284030811e-01
6.911036025706188690e-01
-3.298171229229466817e-01
-8.972599892111829956e-01
5.570120350611643678e-01
-9.304564024112524923e-01
-9.147143932575630965e-01
-8.384876692778606699e-01
8.022178983993893953e-01
-4.595343309269519505e-01
-8.799275726679954834e-01
-3.029148376331275427e-02
6.532303421737775118e-01
2.833508096456354708e-01
9.367149407497630254e-01
-2.259497279369737655e-02
-7.052864028877571245e-01
-9.333297127896169609e-01
3.487543309914694634e-01
-3.688156091750045829e-02
9.261854501342502433e-01
-5.514087903974467242e-01
6.533077417910687634e-01
1.000000000000000000e+00
-1.220936019378592863e-01
-6.768988985709409878e-01
-5.211586836741336493e-01
8.723458085292110642e-01
-6.669807666325513473e-01
5.455743441725711129e-01
1.051097240054820747e-01
-6.546827754896320517e-01
-6.323495914239651849e-01
3.070579532183415061e-01
7.535544433094139294e-02
-3.632809126252244392e-01
5.207960506014550073e-02
1.148299870410564999e-01
8.621473475600579528e-01
-6.252431572516025104e-01
-3.668819318437869792e-01
5.961551159153170021e-01
3.818538691063250723e-01
8.951881105088942137e-02
-3.189027545094179628e-01
-5.942121047982534821e-01
-1.372252044621604383e-01
3.247598721265225752e-01
7.816486329338371286e-01
1.705958564135441613e-01
-2.320809903357836101e-01
8.504592233486515385e-01
-1.000000000000000000e+00
-2.123206554410522195e-01
-2.878183884020668604e-01
5.887881850602132427e-01
5.610561112192875566e-01
2.325261279092117467e-02
1.000000000000000000e+00
-3.869243618305571175e-01
4.841609256491627988e-01
7.445763715519426729e-01
-3.877031168505621350e-01
4.357803852275982104e-01
1.982174711430212399e-01
9.341416158412648718e-01
4.881927048777741085e-01
1.000000000000000000e+00
-7.998887811940337267e-01
5.565796817833142951e-01
8.319330014949762875e-01
-1.095734133433501900e-01
5.594154488113505241e-01
2.685922928355071182e-01
3.176018703962983913e-01
3.632694618884554361e-01
-9.600641811881500676e-01
-3.133027376459351365e-01
-3.867357841601684054e-01
6.581473099207482136e-01
-1.000000000000000000e+00
-6.799142804437581233e-01
6.512918263480319547e-01
3.128851843589376958e-01
1.676630235268740943e-01
4.217411054355642563e-01
6.980344354120563422e-01
2.946104489891928496e-02
2.147808056907971053e-02
-5.663673811784443179e-01
-6.294035587953437094e-01
-4.700530001215600384e-01
7.726503939966911094e-01
6.466395233653627894e-01
-1.000000000000000000e+00
8.018509850952187934e-02
9.292756694293703434e-01
6.180827521249346312e-02
-8.692950094127114280e-01
-8.229412959776365444e-01
-8.365105274188965323e-01
5.663387019989136739e-01
-6.067742287439865656e-01
-8.059899604063907042e-01
-5.257155291218536253e-02
4.778226618224349354e-01
8.892856862881816093e-01
-5.896570105989705768e-01
5.060581003395560051e-01
-1.000000000000000000e+00
1.000000000000000000e+00
-2.717795129359704687e-01
-4.867767531424188610e-01
-1.877441862526300631e-01
-4.038529064280649283e-01
1.053559320190850662e-01
-5.124598906413588839e-01
2.202937525401402474e-01
4.257726391041822406e-02
1.097672531532406168e-02
1.941006045234955901e-01
-1.000000000000000000e+00
-9.736821639798168837e-01
5.077376524695039750e-01
7.874245780807176409e-02
8.662361948938623879e-01
-4.968675661447380376e-01
-3.395760212714283299e-01
5.248423886795314797e-01
2.653428163748607349e-01
-3.097618779416561052e-01
-8.535439884363110741e-02
1.818977976838076493e-02
-4.562631054794938912e-01
-1.000000000000000000e+00
8.980046428712489259e-01
4.737870439047782156e-01
4.244259640227749930e-01
-3.649784541914374292e-01
-5.531743537659307153e-01
3.405326286996375740e-01
6.679144087939067331e-01
-5.235054870849945585e-01
8.598217624314279384e-01
-1.233529974376107174e-01
-8.820248690916719925e-01
-4.239423028573103824e-01
4.477474999373479703e-01
-4.654087906538635910e-01
2.717571894383916664e-01
-4.563300616379526997e-01
2.303043951683406143e-02
-7.975123930002897543e-01
6.109519544888644127e-01
5.975575807502426784e-01
8.249538848050304296e-03
6.693539802259446114e-02
-2.108313682662987243e-01
-7.188721761091152462e-01
3.865467048463464561e-01
-1.000000000000000000e+00
1.475111637381079643e-02
-3.240946553846975609e-01
3.274013246044337744e-01
4.638645271114713586e-01
4.320886278684374915e-01
3.191046219643939308e-01
-1.331000155018745995e-02
3.202981531662578152e-01
5.414293048451711554e-01
7.815051672137155458e-01
9.291717579078093703e-01
-4.748142614858021915e-01
-3.930224022189979793e-01
6.126256707757703479e-01
4.636133303996569643e-01
9.076850663439358646e-01
7.243188263048732090e-01
8.530342771052872308e-01
7.529891265265223343e-03
-6.800766683076291397e-01
-6.554038265343385961e-01
-2.993256143688437509e-01
-2.410631634720619421e-01
6.656328285282000490e-01
-6.949423623381261184e-01
-6.350062539863052802e-01
-2.753413084038985326e-01
