4.224298047456845895e-01
-9.490718826263009333e-01
5.662169584061458316e-01
-3.844604186560403591e-01
3.770027084161742259e-01
6.241063596065635766e-01
2.525802253772735373e-01
-2.311697945710794455e-01
-7.130116809017028601e-01
2.900590081326754333e-01
1.927404878459340054e-01
1.344501783069994572e-01
-3.265541901649031131e-01
1.000000000000000000e+00
2.786739782014613365e-02
3.995059657655137819e-01
8.771549313516429081e-01
5.866674282618852820e-02
3.680450561787867447e-01
-9.419542970778453927e-01
9.383750002944130086e-01
-9.458791369682646444e-01
4.330847796359876267e-01
7.443634018832067101e-01
-8.323214510344448813e-01
2.303419729546633543e-01
-8.045068828717144571e-02
-3.459211924972869778e-01
-9.025598354618707964e-01
2.181134568418386932e-01
9.131326672841595382e-01
6.379093189774280859e-01
-5.045893977726073620e-01
-1.166777695093199063e-01
-8.899853456663062712e-01
-1.000000000000000000e+00
6.697752127730554061e-01
2.494091742323265026e-01
5.232475874860573750e-01
9.741199595423183366e-01
-5.197015314191262281e-01
-7.966807040504854109e-01
-7.010117746001474914e-02
-1.161789131878210590e-01
3.302333703804336551e-01
6.757843603244161335e-01
2.912552000887690395e-01
3.030087040524165332e-01
-2.984421741350113955e-01
8.159052801541316624e-01
-8.117490838320251534e-01
7.817695143547771508e-01
-4.582300426983191288e-01
7.157616738564334113e-01
-5.540472005782040021e-01
4.340310123496827210e-01
5.396255249160036849e-01
-6.742585756610759429e-01
-6.613227396778365019e-01
7.364930354491279196e-01
-2.893331186962043722e-01
7.786840050519739931e-01
1.199866317752589645e-01
-8.202247057658832441e-01
-9.371605381202833263e-01
1.000000000000000000e+00
9.676355412823849367e-01
7.111273388957685126e-01
3.403572661626690365e-01
1.025535464151253739e-01
4.881650500358911682e-01
2.864256877831904968e-01
-3.015681548144681923e-01
7.147310936568832540e-01
-7.056009435775570382e-02
-9.458150397301158252e-01
-2.932998479813574144e-02
6.764496828997296207e-01
6.507381640040227344e-02
-4.754802470790078783e-01
-3.837689146332586843e-01
-8.513077174675036662e-01
-4.178184152604623725e-01
-5.848341212596441796e-01
1.271354509154654644e-01
-1.652557689570798016e-02
-6.200007706353501957e-01
-9.602123835864111445e-01
2.979512873765320924e-01
-3.072390864912025177e-01
-1.067756890628062671e-01
-8.482069326727805780e-01
-5.894288077050662267e-01
1.402713168956457590e-01
1.998303745557725164e-01
-1.578553386083592081e-01
7.222965449304323826e-01
-4.396370483834234899e-01
-6.267041134178856776e-01
-6.078983997260648531e-01
-9.548849001695330907e-01
-3.550201546859468316e-01
1.660597231111936023e-01
-5.799311131609499181e-01
-7.976449293352927405e-01
-7.263878617482855127e-01
-1.984851282786623539e-01
-3.056916609928708728e-01
8.306245470854924928e-01
7.247407885994722188e-02
-5.225102215631538538e-01
5.175294861748339637e-01
1.000000000000000000e+00
-2.599152231622628983e-01
7.027905219814614135e-01
7.054060972931122109e-01
-8.167163031577522325e-01
5.102391565110164784e-01
-4.452302554029767268e-01
-7.921631784729432635e-01
-2.657068969069964481e-01
9.512775287444297234e-01
-9.182872991883654912e-01
8.882853731274845122e-02
4.105841886826172571e-01
-6.724375147947598830e-01
-4.195284087143559826e-01
-3.449390305837418125e-01
6.584329013722285406e-01
-9.105795167209155272e-01
5.504886893407431314e-01
3.912884427025498657e-01
-3.642256204577901668e-01
8.868039442157888974e-01
-7.560720156680966753e-01
-4.171252700452826034e-01
2.858843830610968695e-03
-7.534689571439491251e-01
-7.025877805896296735e-01
8.228954625673846612e-01
-4.981387373806744900e-02
5.101256436538474937e-01
-5.884328157903196965e-01
-9.544249854336613881e-01
5.272923083995342264e-01
-1.000000000000000000e+00
-7.822816858965513376e-01
-2.873128085917139307e-01
6.461190683648461164e-01
-8.118624956769174839e-01
-1.000000000000000000e+00
-6.286123171553276157e-02
-9.730944394273481901e-01
-4.355318656079339990e-01
6.726738622581831528e-01
5.906543804725459257e-01
9.057168156251982349e-02
-9.701580409372643210e-01
-6.057446790390437208e-01
5.210672579829416229e-01
-2.794280144798985677e-01
1.076476671722184780e-01
5.277417684328458147e-01
4.669847411315714014e-01
-7.691204686202179897e-01
5.441424633617664153e-02
8.739259019866288392e-03
-1.812144549817999717e-01
-1.000000000000000000e+00
8.143756959687560304e-01
7.663980876077264304e-01
1.259562920097702376e-01
4.301078559549976199e-01
-1.491517584757870163e-01
2.120608893861110900e-01
-9.738627678617279848e-01
2.982418410698803868e-01
1.434583741361728504e-01
1.660483239575329950e-01
9.759729876065763587e-01
-4.983550600553726673e-01
7.977113241701889734e-01
5.259002580700423701e-01
5.147428531690194653e-01
-7.033962299285818620e-01
7.225694567327083373e-01
4.798190044717214331e-01
-1.000000000000000000e+00
9.374387740228252996e-02
8.856755622313779996e-01
9.252609801728548522e-01
1.000000000000000000e+00
-6.263871053323987192e-01
-1.332881281843292520e-01
-3.072771569465101438e-01
2.243556736842904353e-01
-1.307523203663431555e-01
6.343844798751681058e-01
-2.055669275482174263e-01
-6.863874778545154820e-01
-5.789673674221466060e-01
1.565316274181491052e-01
5.245543794046213515e-01
-3.651213705400546128e-01
-7.874203895588408608e-01
7.462683852073952462e-01
9.674165082242029978e-01
-8.572465967693891908e-01
7.380301192391748311e-01
-4.986675096392691464e-01
-1.925476115081846962e-01
8.787572208050151712e-01
4.398003526378210792e-01
-1.002166339196919054e-01
-5.931949251173171955e-01
-7.588640473405420250e-01
2.406900739866545680e-01
5.435439853434955726e-01
1.881002781733523699e-01
-4.744645823579972665e-01
-6.609754739713599170e-01
-3.441799917586144675e-01
-7.307700586739656057e-01
-5.057310541496667922e-01
2.480694651287021490e-01
4.742435343433331063e-01
3.152730849087492793e-01
-3.744126784616882420e-01
-1.000000000000000000e+00
-7.867486378180565953e-01
6.241171269037484315e-01
7.375671792815001737e-01
5.345494745543335480e-01
9.112333896493399754e-01
-8.063198151897377208e-03
8.481526457136754349e-01
-7.200557611260876012e-01
-6.755068689869637710e-01
5.137069591702227989e-01
-1.000000000000000000e+00
1.917615200589817825e-01
-4.076640243277503961e-01
-4.311002071203187125e-01
-2.729786888935814004e-01
-7.604962365658966827e-02
8.169732195038373890e-01
-5.850627615719823371e-01
2.489537545315253023e-03
6.385477996155684011e-01
2.072664492562412697e-01
3.922190531099953303e-01
-6.668533390672045646e-01
-4.018413510947644873e-01
-4.410337678053609101e-01
1.000000000000000000e+00
-7.212107997010671623e-01
5.522242708225545416e-01
-3.390270096817989409e-01
6.065274901079279468e-01
-2.290731060563779564e-01
-5.727717695184729729e-01
-2.571545786085567276e-01
9.912817938174364185e-01
-4.260802691752105797e-01
1.642083306027548040e-01
