-5.708681590980749787e-01
-6.320504770264484540e-01
-5.700211207759982024e-01
-4.148255821165579976e-02
9.955865696327717007e-01
6.545834203523899220e-01
-9.640150186682167055e-02
-9.286422568703388558e-01
2.644137419563689084e-01
-1.000000000000000000e+00
-3.707882665071152162e-01
5.904885253248274291e-01
6.574607425551168283e-02
1.785568450976295074e-01
-1.000000000000000000e+00
9.638781127526935277e-02
8.931723571226262148e-01
1.431596426613133965e-01
5.522985162975624363e-01
-3.285895948151852930e-01
-8.836243965011181256e-01
8.505714614336780111e-01
-2.240179032877870069e-01
-9.531459131085027181e-01
-1.000000000000000000e+00
1.303924771431101137e-01
8.188442424348423287e-01
2.647288791712892886e-01
3.381774029896829070e-01
-4.318336704667188330e-01
-4.209323494770447066e-02
-2.464577707337730905e-01
2.241941276024981278e-01
8.835178042151980993e-01
-2.546062980959101774e-01
-8.098590667071108307e-01
7.048827749615032001e-01
5.875202703616012601e-01
-3.334049440123269537e-01
7.098747515839274325e-01
2.749764739729543273e-01
8.653092508526116777e-01
-6.439858171624273098e-01
3.055807832276250524e-01
1.687795591063854794e-01
-6.892296438911178491e-01
-9.020954518115684162e-02
-7.675684028487976818e-01
-4.852876658273748700e-01
-9.970929371976323952e-02
6.695856240186084385e-01
-8.396161833087650850e-01
3.756541936898994405e-01
-3.749935703190966640e-02
3.982398451959711649e-01
2.277113965358792680e-01
-6.826665858650029506e-01
-9.597838116911026063e-01
1.805517269765489763e-01
4.139601561347669434e-01
-4.956684519386281851e-01
-6.909266916139812365e-01
5.335780086535899525e-01
6.643550042915464804e-01
-1.000000000000000000e+00
-8.531819787926241405e-01
-9.182809168576691050e-01
-6.217649954277508773e-01
1.035048199110820966e-01
5.324072434066753345e-01
-6.366926317985155404e-01
9.436712832937393935e-01
-5.101873583050727801e-01
-3.280724801672473268e-01
-5.114199188845398591e-01
2.091159146268519176e-01
6.263689426827789841e-01
-7.792510139439036143e-01
-9.037124959944392577e-01
4.851054804945088006e-01
5.682166508769295049e-02
7.366837203973404247e-01
1.784393154196005082e-01
9.475850906988489974e-01
-7.920711366412956922e-01
1.987964021011489890e-01
6.473013736079979985e-01
7.571698649360992794e-01
1.600994627429519479e-03
-7.210400067107914923e-01
8.497767945393503997e-01
4.252303374281131698e-01
-6.842469018105715728e-01
-1.137984548500079879e-01
-2.196213509357713423e-01
5.311753372556592412e-01
9.730096758210057262e-01
-1.772618287125484471e-01
5.550614185208961882e-01
3.378581327197646700e-01
-7.213311745011903309e-01
-1.000000000000000000e+00
5.368227455334314557e-01
9.738103936801867366e-01
3.570849826063883792e-01
-9.831273804312810061e-01
1.235002320859568681e-01
1.805088745944997963e-02
-8.926270055897287392e-01
6.117229568545049512e-01
6.210391870920413115e-01
-1.420316059895696537e-01
-6.415604469666352783e-01
-7.451067758706489963e-01
-9.243835834854026157e-01
8.597322178904386325e-01
-1.016905906601241472e-01
6.962315553210969288e-01
5.562997873897070900e-01
-1.000000000000000000e+00
4.167844818716675004e-01
-4.332499041444032306e-02
-8.867246524611043235e-01
1.456548931527077151e-01
7.246027337546850910e-01
-1.000000000000000000e+00
-4.374708268338158845e-01
4.695745604542231888e-01
-6.580383870883093067e-01
1.639965641703707566e-01
6.646537052006080692e-01
-3.322086011468424610e-02
6.566057961434057511e-02
6.888285647538430201e-01
4.661358440873971110e-01
-9.776848868985380525e-01
2.660785319563356843e-01
-6.353780589856179439e-01
-6.323404946280990480e-01
6.604335081909992744e-02
4.537750220975574900e-01
6.178268039632196507e-01
3.197300662855358522e-01
-9.116435550212376171e-01
4.746656237494027986e-01
-9.798008005213486304e-02
-3.741341798341724645e-01
-2.586164600020808835e-01
8.259324133686198888e-01
-2.202697737025056945e-01
8.715051035983932548e-02
2.583608720495119693e-01
-7.696313896781652453e-01
-5.756491638824806634e-01
-1.351983665985351246e-02
2.160290911387278134e-01
7.923015848925150095e-01
-1.272616626478842994e-01
-2.101716160999309024e-02
3.804863742692566331e-01
2.017076623975184169e-01
5.746782314168938921e-01
-3.146183892870999532e-01
6.380310997745508583e-01
-1.000000000000000000e+00
2.941094391237526473e-01
-7.501013160191609686e-01
-7.262962391555681796e-01
-5.982068386887365863e-01
4.528603262569026455e-01
8.366466449564075036e-01
9.117597198673288439e-01
-5.339762365040758851e-01
-4.383534745378909747e-01
-5.733237852900814335e-01
-9.182634264818778647e-01
-3.240014096942880895e-02
5.577822839546678901e-01
-9.696956920646684353e-01
-8.856458783923247813e-01
5.772491483820791913e-01
9.675838861265642077e-01
4.320187409265997536e-01
6.398317069459422690e-01
-4.239752288143387449e-01
-4.475050360976468578e-01
1.000000000000000000e+00
-7.827423857946141927e-02
-8.766601975191042895e-01
5.811319995964215890e-01
6.285359760842544885e-01
7.217284183607070025e-01
4.652543249403127135e-01
-3.440739292946395356e-01
-2.527844069580972297e-01
6.602462184702798664e-01
1.000000000000000000e+00
9.560900580992848230e-01
1.744004371179672108e-02
8.082406909346446788e-01
5.070044626432230750e-01
-7.726462878123714351e-01
1.000000000000000000e+00
-8.294382011772227781e-01
-5.605059924981756758e-01
9.750302197305993346e-03
-2.096548284302995058e-01
5.853701637216646159e-01
-7.289376178251387728e-01
-5.244471917051477527e-01
6.384489833407476223e-01
2.700227666791016334e-01
1.000000000000000000e+00
8.509597012082286138e-01
-8.313176637209530595e-01
-4.116386514498544535e-01
1.513505233784290804e-01
-3.389786042657509935e-01
4.754511783917411138e-01
-8.003703557983208317e-01
-5.671060464018471414e-01
3.686802861006667209e-01
1.823588614319349988e-01
-6.454090781237136198e-01
5.722200789356932660e-01
-1.740531850713685214e-01
2.103904917444918143e-02
9.602687358195203249e-01
4.942350413686713573e-02
4.501235766907224489e-01
3.176500790409080288e-01
-8.791995779256369659e-01
1.330796490826314515e-01
2.039031353209727615e-01
-8.261980060418515626e-01
-4.802733308092916875e-01
1.279660366420152795e-01
9.323936600344290282e-01
-1.198984501213281179e-01
-2.060826245806680335e-01
6.837626984851246092e-01
7.780672707348389450e-01
-9.404186762994867776e-02
9.047692384637274765e-01
7.427703624115084002e-01
-2.705669246601333233e-02
1.204859400463761665e-01
9.255251884269227736e-01
-1.319012881545121030e-01
-2.217291567658319917e-01
-2.063388576764911830e-01
4.456600739413326684e-01
1.888043069309423838e-01
6.490471197108121926e-01
6.086503617174242597e-01
7.067459283653585445e-01
-4.307065882605955881e-02
-7.572068451217327523e-01
5.980681514569895496e-01
-6.877479475807753984e-01
-7.777757364737826196e-01
-9.156878096137073264e-01
-7.527557695371824842e-01
2.687244277743769949e-01
-8.315458145937910661e-01
