-7.050168139512671406e-01
-9.073171410927888259e-01
3.663848439255598666e-01
-1.378482442686171372e-02
-4.533256191374220867e-01
-4.062991386913122893e-01
-2.545188364345969401e-01
8.520626189157216590e-01
-6.205519111847987990e-01
-7.128829137727799026e-02
1.000000000000000000e+00
8.896022989907225176e-01
5.568612820735687752e-01
-8.006928337820055086e-01
-4.950459349168411238e-01
8.804122058441167242e-01
1.937051412530091943e-01
1.502119894380278819e-01
-1.267379320433885126e-01
-1.000000000000000000e+00
3.082404137838490321e-01
7.510261071752891704e-01
1.168948791159581113e-01
-7.265360005705496782e-01
-4.093636134850982544e-01
-9.366734306930546428e-01
-1.650349917098342112e-01
5.538867127765304543e-01
8.233560761978817588e-01
3.514276688448979558e-01
8.632822778231963312e-01
-7.982418753475062356e-01
-1.000000000000000000e+00
2.046647386705494065e-01
7.295463496734064801e-01
-5.006685991952215531e-01
1.316233081370412616e-01
9.811050582187913482e-02
-8.402611876737675622e-01
-5.846853948545497337e-01
-8.939873845353528692e-01
3.828312055243743295e-01
-5.764982271268154213e-01
2.897444365536210320e-01
-4.703740191214402788e-01
-6.808669901388357815e-01
-1.000000000000000000e+00
-1.510212131384548739e-01
-6.754060142660234245e-01
-7.815978311919524746e-01
-1.000000000000000000e+00
2.833627111804726817e-01
3.605475583876546208e-01
-5.704555566739456518e-01
-6.464555978495536426e-01
7.243163639529817677e-02
-1.675417823716540966e-01
2.877260597540494680e-01
9.831481673883664119e-01
1.242334373090679123e-01
-7.622997041976160570e-01
-9.437362909898623364e-01
-8.801173457257276400e-01
-1.000000000000000000e+00
3.615873742019711790e-01
-4.944677051558153957e-01
-2.042873373573154128e-01
7.800699496613113793e-01
2.772612604945782211e-01
3.747258059178091849e-01
4.716320729339728013e-01
-2.961883839038592092e-01
-6.034053884040521121e-01
-7.760284358009825745e-01
-7.229963746163652338e-01
5.058489106681047787e-01
1.000000000000000000e+00
1.070491662334005084e-01
3.698328303565238118e-01
-8.417126231379242762e-01
-3.675628672638891481e-01
-5.004847288979002995e-01
-8.403111587224466605e-01
6.449543156398312993e-01
-2.404122903236873277e-01
-6.456678014462166049e-01
1.000000000000000000e+00
9.316021519543293827e-01
-2.610693629879041744e-01
6.025879305954078280e-01
4.596806073340877763e-01
-6.866869482062673002e-01
-5.443850115261157363e-01
-4.271703626413946298e-01
1.000000000000000000e+00
-1.062931936984183035e-01
-1.841620104007880843e-01
2.275340070794629188e-02
-5.417353733779410874e-01
-8.159850987031938563e-02
3.402569052381170661e-02
-8.140574717733427279e-02
-5.692098044890071817e-02
1.000000000000000000e+00
-9.130806743435575523e-01
6.096932747949522780e-01
-7.153804195928228915e-02
-1.166684761225341427e-01
6.618858458434947467e-01
-4.538019373230588460e-01
7.499895637434761397e-01
-3.502710824060188965e-01
8.314178725871909648e-02
-7.900475382384433143e-01
-5.914974563215308345e-01
-3.255401771374954456e-01
2.814117906869549324e-01
9.806008613928005602e-01
-9.115061143784851660e-01
3.283109020375067910e-01
4.308469395113378453e-01
9.745404202129555049e-01
-1.000000000000000000e+00
3.324632002991448898e-01
-7.892530827637420643e-01
-6.385102397619781822e-01
1.985998373755833712e-01
-8.568749319817170473e-01
-5.873680593287885499e-01
5.156172502954021741e-01
-4.524209630432050044e-01
3.755340126628035069e-01
-2.914186694382635001e-01
2.292409478573151360e-01
9.069679226064862876e-01
-1.000000000000000000e+00
-6.621650356738375542e-01
6.270965196316883317e-01
-3.986625978515692670e-01
2.904860987036048670e-01
-8.233311651687789112e-01
2.646014855605299254e-01
4.311118039067591834e-01
-5.650620442730938109e-01
-7.766462939406726385e-02
-8.958385420135652755e-01
-2.281466246400187803e-01
3.927678527607094683e-01
4.537520243099632533e-02
-2.630553607102815716e-01
1.256848298120241125e-01
1.000000000000000000e+00
3.731514177811027233e-01
8.982905785648063191e-01
-2.822778666713676721e-01
-3.262593442159170687e-01
7.063422791801224898e-01
8.985277986995885424e-01
-4.389593023893511026e-01
-1.740630984425891870e-01
3.174274665159676490e-01
-5.452627240884251325e-01
4.328178846380161260e-01
-4.821401164907334058e-01
3.646776733564803252e-01
2.555046149158328728e-01
5.812271053582462876e-01
-8.301019296267482250e-01
-3.512892645566704775e-01
9.848308881172989082e-01
3.803104086054729938e-01
-1.579702426051193820e-01
6.125509727551632366e-01
-1.857842878328630210e-01
-3.342725866663676659e-01
-4.999783470360271154e-01
-3.088720345813827373e-01
4.411265722838315639e-01
6.766994529010130766e-01
3.892189959064845106e-01
2.668017426199411068e-01
-3.237156634736305105e-01
8.989892784428224481e-02
3.866352563506754436e-02
-5.869150355662200447e-02
-2.294254962070534087e-01
7.170441145827923801e-01
3.616951510643167111e-01
-6.421555369223586052e-01
-8.715924440710690613e-01
1.131279522805902771e-01
-1.850888138904735747e-01
-6.726240060846000457e-01
-3.347193210313559875e-01
3.916370008347555554e-01
9.010118905254334010e-01
9.235337259781688513e-01
-2.589555679667302490e-01
3.998815454388581769e-01
-7.460055154378439912e-01
1.531508519969390636e-02
-5.139908340651319074e-01
-1.378105556018168754e-01
4.520761505394204627e-01
1.000000000000000000e+00
6.071196496601604098e-01
2.661164347342074299e-01
5.078597025978347501e-01
4.600401477380289261e-01
3.957627524205712399e-01
6.969093324760029518e-01
-3.535333811164801388e-01
2.569421783675104320e-01
3.774921145398104499e-02
1.324569674828469656e-01
-4.432454111493080440e-01
1.603377106064731161e-01
-5.093401044224390994e-02
5.328546390919846054e-01
-8.782835352755610225e-01
-6.886293493368687013e-01
-4.148901053148940643e-01
8.994747202056997404e-01
8.978576384427433554e-01
9.819611172950239997e-01
9.158457294062979370e-01
-5.519018853615239584e-01
7.039880610210911271e-01
4.689034420575322604e-01
-1.000000000000000000e+00
2.708861773400617068e-01
1.057431585385549960e-01
-1.000000000000000000e+00
-4.342933478380296419e-01
-8.334509409901259547e-01
1.000000000000000000e+00
6.879767050796334882e-01
-5.595829546320493786e-02
-8.950956525066958713e-01
-6.409577654383384893e-01
4.507848951278927707e-01
3.026231318450476326e-01
-3.218728426206842741e-01
1.000000000000000000e+00
-7.011060921636063092e-01
-8.873410912038754983e-01
7.466116101228506552e-02
3.534121399073823500e-01
6.100518601055661128e-01
1.872490748065162580e-01
-5.357930339062381142e-01
8.954429475671423777e-01
8.281310351936146397e-01
-2.683075529121500269e-01
2.955197484196532554e-02
1.224907603260252248e-01
-3.820924893801229683e-01
-1.412934774575980434e-01
-1.831236752212646590e-01
7.333954678521861226e-01
7.495591444544733584e-01
5.198809383483395941e-01
7.711507438112251700e-01
-4.654300611235184237e-01
-6.217607174873964748e-01
