6.438149526481286022e-01
-1.555205883460336058e-01
-7.720126681633925347e-01
1.819909183825043075e-01
7.133006209782649654e-01
-4.079821048711073095e-01
-2.090406190962036670e-01
-8.605135609412213338e-01
5.583495193510847887e-01
5.871130818392931161e-01
7.335167768829087276e-01
8.769907428657517379e-01
-6.719009154733567302e-01
-6.256812648557796841e-02
2.952571033665712941e-01
8.908635462685966511e-01
9.321440105324129144e-01
-1.000000000000000000e+00
7.128250995022611392e-01
8.743371993495026029e-01
4.247071340610822365e-01
-6.991603757952948861e-01
4.629756597401932794e-01
-9.002223155393627163e-01
6.921475986194043362e-01
-1.000000000000000000e+00
-4.726744681598429310e-01
1.641279307196764070e-01
-7.534315551823533852e-01
-7.513788620829583431e-01
4.091721135572795598e-01
5.236918134119157298e-01
1.005043540038171451e-01
5.199902497864240525e-01
1.671701976070685269e-01
-7.624872419092809661e-01
4.194346728961408921e-01
1.000000000000000000e+00
-3.661447502088565065e-01
-6.207052397472740957e-01
-7.730986326782172124e-01
8.564346343542722506e-01
-7.336507472231021953e-01
3.233175655655178837e-01
1.165320730601447780e-01
1.355846895817380826e-02
-1.389467684907984002e-01
5.199402175198037934e-01
-5.616145514114269099e-01
6.170198183015462856e-01
7.769323681770298196e-01
-1.457507631915752888e-01
1.603853402410347628e-01
-3.729858657428467561e-01
-4.275731165363584330e-01
-2.821234968132415588e-01
4.744783839803462522e-02
-5.485851328806505833e-01
7.606497409067272120e-01
6.994356595289054068e-01
2.819675469544424273e-01
-2.517453680102472724e-01
8.590813434045360131e-01
3.826954120869668907e-01
3.463109976863766315e-01
-5.817362866453918979e-01
3.833407637079427888e-01
-2.587948964896222281e-01
-9.525791667084203551e-01
-3.423761970681121758e-01
-3.881197565337969890e-01
-4.622002519533984777e-01
-1.000000000000000000e+00
4.515804574133183702e-01
-7.235321884275303095e-01
-1.000000000000000000e+00
8.077388895906942312e-02
3.934937766541137250e-01
2.123795135316740301e-02
-2.963501092522408120e-01
-4.642781569357382065e-01
9.466665313443036744e-01
3.202222913392690495e-01
2.921353303414647717e-01
-5.411893584294332760e-01
5.590082491306873624e-01
-6.033762725476443656e-01
1.000000000000000000e+00
3.622722839391506744e-01
5.611199138582361190e-01
-3.601007486722145323e-01
-1.143184578256066647e-01
6.380724573291058910e-01
-2.542807660512735879e-01
-1.000000000000000000e+00
7.505969102779143087e-01
-5.532186972851750317e-01
6.474001631511375754e-01
-1.482194015428700551e-01
-9.303632130274237522e-01
-9.402004391739644529e-01
6.503911547514791280e-01
9.586602942291528873e-01
-8.121546931150005477e-01
5.192094497229713390e-01
-2.274951390345845148e-01
-3.493207344301837991e-02
-7.561442066647334759e-01
-6.581678076213111073e-01
6.280250208019213520e-01
-3.415998530865188565e-01
3.817584752139078219e-01
-6.852405381346330371e-01
1.625876827195655572e-01
8.523228591288664058e-01
7.369083453768368042e-01
1.000000000000000000e+00
-6.438795252847231421e-01
-2.042308853465579221e-01
-4.576091883379279079e-01
-6.375178107611167988e-01
5.149740531707260871e-01
2.094734075359721004e-01
-6.701354888681589905e-01
-1.000000000000000000e+00
-5.615285714058339955e-02
-2.382610087493632345e-01
-5.331789328019033158e-01
-1.000000000000000000e+00
-5.055975801725244301e-01
-4.668452912607001792e-01
-6.776696574183294075e-01
-9.325588155446898897e-01
5.857618538279205644e-01
9.007562911075073231e-02
7.834239227853787568e-01
-8.552913826743774317e-01
2.406620703664814620e-01
8.879322063625312289e-01
-8.415224265745722132e-01
-8.334984403268625996e-01
-2.829496391279733292e-01
-4.607116931806327642e-01
5.181461874695574288e-01
4.356952363544613904e-02
8.523450179443644581e-01
-4.900966387026536170e-02
-6.205716497492376194e-01
8.371564763107588458e-01
-4.727344803996365030e-01
4.953227867756783143e-01
-8.110961694204606998e-01
-2.694093405133332064e-01
-6.223475924005241744e-01
-6.728586078801268577e-01
1.000000000000000000e+00
6.245479930320455564e-01
5.062372698913480962e-01
1.566572533120261512e-01
4.870475278639985195e-01
8.672524390274843897e-01
-6.410401915567314202e-01
8.342183293029745705e-01
1.000000000000000000e+00
-5.964506520073700191e-01
7.743377495007479627e-01
-3.976174289303460729e-01
2.014961207851317659e-01
3.212697114440794532e-01
-9.545345972615517649e-01
5.051866776890817645e-02
3.076238487166644414e-02
4.066346820243049165e-01
8.866897913973168510e-01
8.704052041689491759e-01
8.223601067724130020e-01
7.945876997689718113e-01
-6.266251844503160084e-01
2.715939467882024783e-01
-9.180153772221925079e-01
2.694575656146230846e-01
1.174245711039443307e-01
4.970761087429525493e-01
-6.456635180638230498e-01
8.507631638484478565e-01
-5.388518082968389855e-01
-8.942197411220351722e-01
7.145945961596333884e-01
-1.000000000000000000e+00
-4.558155789068712993e-01
-1.199598772954381110e-01
4.722270370897199698e-01
6.470706993404573559e-01
4.432163974252068539e-01
-4.171362097080015818e-01
-7.254157336011540780e-01
-7.375808905584484432e-01
-8.938243882706528032e-01
-5.258415584745759208e-01
4.228185819670988166e-01
-8.956461697469159100e-02
2.418620274535493997e-01
-4.861783876626196155e-01
-1.373098769321543511e-01
-8.904238067249130584e-01
-8.364954874033787569e-01
-6.486622715735960998e-02
-1.000000000000000000e+00
8.745494796799763160e-01
2.010251307829580281e-01
-7.572677430403865761e-01
-4.755249979537181648e-01
1.223802505219639541e-01
-1.453340316689692713e-01
-4.352335581870044323e-01
8.757885020332558668e-01
-4.444348847892259924e-02
4.101568203975331506e-01
-1.000000000000000000e+00
2.728627946993200104e-01
-8.704680381131097988e-01
7.219914809686250878e-01
-1.000000000000000000e+00
8.085009240992002688e-01
3.541820775299957536e-01
2.401808153388085287e-01
9.574368533889248134e-01
1.000000000000000000e+00
-3.281203187622804829e-01
-7.847451669069704927e-01
2.403280124994214284e-01
-2.092373690571552036e-01
-8.440503194787699615e-01
7.211715637634117382e-01
1.349201698484621126e-01
4.488054725724867078e-01
3.774558229387892649e-01
-3.837189766107142463e-01
5.040309369117539351e-01
-3.585354867010339119e-01
-3.953284935311314197e-01
-4.048293882257521514e-01
1.411826731360886489e-01
1.778013651273723239e-01
4.091644904984064191e-01
-2.328520558304437715e-01
-8.210457609809084234e-01
6.336743082636168145e-01
4.407053006159590836e-01
6.958663224582312123e-02
-6.360385259965635196e-01
-3.763721890060144348e-01
9.627846894107217057e-01
-6.151555292240490358e-01
3.692499745267850964e-01
8.100895894686348520e-01
-2.022419370549000672e-01
5.714866508557318037e-01
9.691141111585532819e-01
-1.748009517815589664e-01
2.088780356387008041e-01
-8.551138463274950974e-01
1.364762273074651144e-01
9.223119158184407418e-01
-7.632162915261399005e-01
