7.593075483096919376e-01
2.099390610033435856e-02
6.770704876180638765e-01
4.903462544770957332e-01
3.803218625837420652e-01
6.798144189854918862e-01
-1.357215405536960073e-01
4.267028462395663357e-01
8.683580260202663492e-01
-5.856739382177130748e-01
-6.063774764747127399e-01
1.000000000000000000e+00
-3.282343997135965807e-01
-6.404452600736022516e-01
1.064778910731696837e-01
8.415232440951520010e-01
5.044129551441707271e-01
-4.956040214473885763e-01
1.147039870526225525e-01
-6.579193120576763976e-01
-1.573422772629346489e-01
6.938197075049141738e-01
-7.132007826461603806e-01
3.308531248502487587e-01
-9.432842488666075553e-01
8.550774827197925587e-01
-8.129904899331975576e-01
2.181870786148640273e-01
8.835141453959314273e-01
3.038154482352980468e-01
-8.063489556839678052e-01
-4.591690954817083115e-01
-7.505370016103968256e-01
-1.000000000000000000e+00
5.081707425842545423e-01
5.571358622180515585e-01
-1.569186476167037658e-01
8.656531073368316509e-01
5.432234986677501043e-01
6.298371760120010654e-01
3.236852293962968335e-02
-1.958391339518227303e-01
1.000000000000000000e+00
5.297308706903115089e-02
-4.309136141258703145e-01
1.502081718121606735e-01
-6.554632888792910617e-01
4.091461600196354409e-01
2.300376575365027654e-01
3.900760532116657187e-01
9.073990225580590430e-01
8.188988450989120871e-01
-1.000000000000000000e+00
-4.086199651094858665e-02
1.000000000000000000e+00
5.053957508453448266e-01
-3.284308192634768364e-01
5.731186846370257548e-01
9.412420724753921553e-01
-4.709063387007988433e-01
-5.535188283018777078e-01
1.140740584571087179e-01
-9.840434908920624446e-01
1.000000000000000000e+00
9.745536063129552895e-01
-9.106046504225385751e-01
4.507754660470584263e-01
-5.446732741612995976e-02
5.713257107793798806e-01
8.183817194258020677e-01
7.580966180962628309e-01
-6.815473184144340557e-01
-8.877456453536969327e-02
6.669792567125972793e-01
-6.417909717244474344e-01
-5.336084167651832244e-01
-2.792161551818143628e-01
-3.648245413004724269e-01
-3.567438522909270882e-01
-7.442169405794540893e-01
-3.908028430801575581e-01
-5.319058473837011691e-01
-6.880649420127064042e-01
-7.250293144582247162e-01
8.081445396412006987e-01
2.036020083254591606e-01
-9.825111777987551864e-01
1.618502817000503358e-01
6.813101847249856124e-01
-2.123553583451233129e-01
-7.176958254716905294e-01
-4.245589058150281980e-01
-5.332164794161776966e-02
1.648215744801514449e-01
4.062211819596067142e-01
6.618554297438247191e-01
-4.279838498695433535e-01
-3.684921882214801103e-01
4.973607534398849506e-01
-1.000000000000000000e+00
-3.333241408670052364e-01
-8.653571805732777067e-01
2.672326374134740279e-01
-4.695660823448258858e-01
-1.000000000000000000e+00
4.968487303579476044e-02
1.182311540665139521e-01
-3.587626216198650519e-01
-9.999955317118615072e-01
1.000000000000000000e+00
4.565888195957428231e-01
-5.197376346017084092e-01
-3.817141448937022563e-01
-8.685318452683138402e-01
-6.538503142011179436e-01
1.404905091616472645e-01
-3.961079548401374439e-01
4.385805737400227944e-01
3.513033812015630142e-01
-4.173593111464269922e-01
-7.406936279807759815e-01
-1.689247817927901768e-02
-8.636675459750331463e-03
-8.657710655745763928e-01
7.479210859781075804e-01
-5.523452845166063607e-01
-5.108260732282248195e-01
9.103270688290374668e-01
6.870601067519827021e-01
-1.000000000000000000e+00
-7.539756441069317416e-01
5.888664243358891770e-02
3.374157798821368626e-02
-8.979438060126099241e-01
-5.606454149762503114e-01
4.997688430737284859e-01
-7.570313756395328220e-01
-4.828975882906504924e-01
-1.315208277203421816e-01
-9.619702466280807274e-01
1.847607501878515412e-01
1.820834597266724475e-01
7.436820856413535186e-01
-1.000000000000000000e+00
3.421444740349057212e-01
-5.229320939745040198e-01
7.256743222193874354e-01
-6.325482039253669253e-01
6.388889348082679165e-01
1.206446337165889143e-01
3.451734731649287458e-01
5.636502574483382988e-01
-5.597877997462841204e-01
4.118036705024812894e-01
7.239744360260340628e-01
-4.838772306610222285e-01
-7.692135059640207162e-01
3.122130899748214450e-01
2.725603371684235388e-01
-7.930350069821943126e-01
9.187431792492439797e-01
-9.058680650281323299e-01
7.562307032044305322e-01
3.854908363341099098e-01
1.951942295865670696e-01
6.208929862230536667e-01
-1.853946202334782467e-01
-8.292352436305279184e-01
-4.569601769886066367e-01
5.028637820801005187e-01
7.196843392513169180e-02
-1.007094982137500677e-01
3.064876958941771812e-01
-2.593630442221450672e-01
-4.011337857090480075e-01
-1.968544757105977761e-02
8.386808881275499283e-01
9.687191217768617024e-01
8.946149370520667388e-02
4.833433807965989426e-01
5.097826337088664367e-02
-1.000000000000000000e+00
3.956709306773718154e-02
5.133463823695669781e-01
-2.447228328850289403e-01
-4.057340040560979411e-01
2.015322444041299788e-01
-5.114217917296635108e-01
-8.204780821792492240e-01
-1.727636130132850500e-01
-1.023741167116064971e-01
-6.161117487554570449e-01
-9.773886671071586596e-01
-6.144540479083123730e-01
-7.261112054939277138e-01
-6.468921221991337234e-01
-4.208530199429152963e-01
3.348632869160106940e-01
8.691996058169875194e-01
3.839763450880361306e-01
2.063137344190194566e-01
5.601943619270726149e-01
-4.260360043707804856e-01
9.804481517282068181e-02
4.543653008312745212e-01
-1.000000000000000000e+00
3.809875269076483661e-01
-5.579208037167346923e-01
5.066722144514948512e-02
-1.000000000000000000e+00
8.740961160557175758e-01
3.000968858393266991e-01
-1.000000000000000000e+00
1.000000000000000000e+00
5.677762226651112965e-01
-8.243566787109296579e-01
-5.299694556080243313e-01
-4.323850051300615616e-01
1.224510529580221524e-02
-1.000000000000000000e+00
-1.779938203854318501e-01
-9.171074352403781882e-01
-1.642902263908142535e-01
4.217766427277345742e-01
8.703060684500767419e-01
5.419509637746328101e-01
-9.244424617731873406e-01
3.916365860782512476e-01
9.178200163966442338e-01
-8.341468948079268086e-01
-2.890819418466160085e-01
-1.000000000000000000e+00
6.149344620795357264e-01
4.687034926178512140e-01
5.038705383450063913e-01
-5.782215132430568172e-01
-3.819167149986364418e-01
-9.459473507105249368e-01
6.686752476455317673e-01
5.059203579222071312e-01
3.447537223548799989e-01
-9.264237564065267438e-01
-9.302879761899693345e-02
1.000000000000000000e+00
7.846029593043769568e-01
1.000000000000000000e+00
-5.389889717260446522e-01
8.602476502002974756e-01
5.803715366600066261e-01
7.833941973665143887e-01
-4.700623567835190419e-01
8.661706410677378898e-01
2.953400401556900978e-01
-2.978927925458264570e-01
-5.664436707202064047e-01
-4.784199556045257706e-01
8.496065632707662241e-01
-2.020851465540340341e-01
-3.654998432768006289e-01
-4.465281905913037197e-01
-4.823664062199654601e-01
1.020134851568677420e-01
-5.267506346968030551e-01
-8.020928801145027487e-01
6.274539768733775058e-02
