-2.884980488373676266e-01
-7.692609055731747247e-01
8.142587885847983875e-01
-9.167380213642846165e-01
2.110897502098601497e-01
5.427006244942560453e-01
5.253066266927937100e-01
-3.764616022826098307e-01
-1.763668853376802390e-02
-7.876675847417002885e-01
7.259009767915531874e-01
-3.174896367763447858e-01
4.317036415393464832e-01
2.213448909656216546e-01
-4.437372391732240517e-01
-1.207967204468888001e-01
6.007662786230195673e-01
2.565070498759344231e-01
-1.000000000000000000e+00
-8.125602203234680854e-01
9.576565211640704067e-01
9.866712216215254294e-01
-2.957799229968866017e-01
6.813501152528548266e-01
-3.111585497135819778e-01
-6.243094725674684931e-01
2.691100153090518754e-01
-4.392167871604236162e-01
7.499418305231413395e-01
8.597199353449748171e-01
-3.548980654170031945e-01
6.607335244574205624e-02
-5.298672596959453918e-01
-6.218298919332253538e-01
4.073355436751247560e-01
-3.544792386256992445e-02
-3.093306642907677761e-01
7.570961836453782290e-01
-6.417813341882397937e-01
6.963185198299318701e-01
-8.510377217289493146e-01
9.805739952480697630e-01
5.972643095339221775e-01
-5.318105972645477131e-01
-5.103148991586503591e-01
-3.972092717948493001e-02
-1.091405564377486148e-01
-5.711296866661687011e-01
2.684307755368496307e-01
2.634426768105930794e-01
-2.815660163279710138e-01
3.073938836662702401e-01
4.960779636740587084e-01
-6.311505821961868046e-01
1.207726572053551550e-01
-1.000000000000000000e+00
4.351099515312382149e-01
1.000000000000000000e+00
6.639265156951557056e-01
-5.711163782045910464e-01
7.065822505611791815e-01
5.253940621388732968e-01
-4.972844817881663104e-01
-1.630643264920895730e-01
2.329789047187510453e-01
-9.272947179623975966e-01
-1.047255428276615552e-01
-8.697997014722065323e-01
-4.237442643883917448e-01
-4.807100640693799387e-01
5.158846750666008507e-01
-1.587218773234136404e-01
-3.979600393361144017e-01
5.855221957725917914e-01
1.372692634061427608e-01
-1.466638604606601282e-01
-3.054480575801185038e-01
-1.383208141875932606e-01
-4.599406482956299724e-01
1.648317701479592723e-01
-3.846220661615472602e-01
-4.112088919270773246e-02
-3.600666067448734520e-01
5.622301708746466620e-01
3.833330363496580961e-01
8.868659319829246268e-01
6.904588859269108481e-01
-6.461515915506965690e-01
-2.564892547110435572e-01
-8.387803415930353834e-01
-1.511832297220757487e-02
3.332566711630443601e-01
-2.911632692015789226e-01
-8.550658468693720371e-01
-6.244793352360640259e-01
9.084475892546519660e-01
-6.968029616717679176e-01
1.000000000000000000e+00
9.492117862068709666e-01
6.176571889556844996e-02
1.964260926613062841e-01
1.316928255085176858e-01
3.703443940792608968e-01
-4.806413638952733436e-01
-3.971294956894637074e-01
9.127182893368838146e-01
-6.630735755545418275e-01
2.993964225097893173e-01
3.081878147868870599e-01
-1.000000000000000000e+00
8.846172365602561483e-03
4.570116876863909994e-01
-4.429845024256662267e-01
2.678898708643784321e-02
3.634002843109066516e-01
-3.473216712054600919e-01
2.518607497776970683e-01
8.910655484440400675e-01
6.578160795950951378e-01
1.627944103290430156e-01
1.000000000000000000e+00
-1.000000000000000000e+00
5.017960826155561938e-01
-4.971819080160293503e-01
-3.126831164350557524e-01
8.390792512266723735e-01
1.000000000000000000e+00
4.460648476723046985e-01
-9.605884525222669890e-01
-1.000000000000000000e+00
6.770210424462944632e-01
-1.000000000000000000e+00
-8.794964049128416450e-01
-7.234352815069908793e-01
3.964652794698391713e-01
-3.329576907378967165e-01
-9.254571843012383559e-01
-5.565432602832428577e-01
-5.415011559748081904e-01
-1.474101539343197764e-01
2.398266731612045399e-01
-9.997714892218816374e-01
-6.582575533022350101e-01
-3.017826951621172538e-01
8.410672548956038552e-01
3.326327749674739542e-01
-4.999453096395570229e-01
-9.944810565084464260e-01
8.506716126575319947e-01
9.216935378378112720e-01
9.589846662699959001e-01
-6.710832194149102259e-01
8.038202880229173841e-01
-2.616358507972695868e-01
-7.253543419700074768e-01
-3.747688544863855831e-01
5.952458873236192716e-01
1.920036325204615146e-01
5.789280209357704488e-01
-1.965930594322203018e-01
8.802993764809772248e-01
7.987599973337715653e-01
5.917796701156780026e-01
5.792900053123912762e-01
2.224970281687888851e-01
-2.601095851854709484e-01
4.500784134354031685e-01
1.303693453129278756e-03
7.150560949629806151e-01
-7.286630354245254848e-01
-6.138750139726116828e-01
2.792823714807143864e-03
-5.309727500942329481e-01
-1.506563632499535177e-01
5.959582179674537405e-01
1.337005055458901359e-01
4.110530321191822045e-01
-5.380548884481511918e-01
-2.737475126456969665e-01
1.605655059687166597e-01
6.270082893839278304e-01
-2.307850569964439713e-01
-5.791098760211951246e-01
3.481112280513700696e-01
-8.114701623156724830e-01
3.422234520674211078e-01
-8.231742528284189397e-01
2.639675547923618915e-01
-4.711487245584308758e-01
-5.251335574571998066e-01
-5.094581542498428650e-01
8.093169887099280757e-01
6.890203960395688831e-01
5.619182784369481931e-01
4.158136972723093239e-01
5.821862831691050344e-01
-5.080065030039729312e-02
-1.000000000000000000e+00
3.166783245095199373e-01
6.604682348415719106e-01
-1.428499043096534415e-01
-6.586928970903708214e-01
-8.991466371721442696e-01
5.968876597900349967e-01
-1.662625451576983104e-01
-7.908046270985771287e-01
5.454495772154991373e-01
-7.230483123305070370e-01
-1.000000000000000000e+00
2.674943782147892746e-01
-7.377726813284135599e-01
3.147462363046101830e-01
2.041948286896874409e-01
7.662014960182292889e-01
-8.925660677378084440e-01
-8.665655246828276592e-01
-3.406322410264803757e-01
-2.694546692857828218e-01
-7.436311683365632863e-01
-9.696923592486578203e-02
-9.902018473109535091e-01
8.245504192515203945e-01
2.060794350279995801e-01
9.050095989015305431e-01
8.893432719499995143e-01
9.665078136014360055e-03
-8.859460206330904697e-01
3.648525023790814559e-01
-5.007759545175507476e-01
8.370257756468725274e-01
8.018768234769425574e-01
-7.364665759448514315e-01
2.873746157626961839e-01
7.411517897953118217e-02
3.670978265058584822e-01
5.201605767438848282e-01
-1.732437290747425862e-01
2.763721619264680740e-01
4.156577229202979562e-01
-8.617846706981415750e-01
-2.154958727734428980e-01
-3.321864401633012331e-02
7.714984791251411345e-01
-1.000000000000000000e+00
-5.161295865405243211e-01
1.993262854540624185e-01
-4.854146515940879758e-02
-5.913272851774890176e-02
-5.164376096889602419e-01
-3.254404386947853389e-01
-4.569366953535455855e-01
-1.724979379565866888e-01
-2.966929506194646571e-01
4.856853352889657360e-01
3.959529319584113027e-01
-8.753153496299939107e-01
6.056859037646737942e-01
4.585941101466753933e-01
5.828255622832063665e-01
-5.315012079104107778e-01
2.762252494151843929e-01
-8.858331946019828429e-01
7.045685121128503203e-01
3.481470664252667158e-01
-5.166999858346783547e-01
