-8.104639779778162190e-01
-5.929673098618182259e-01
8.343780525913971902e-01
2.018574028759722583e-01
3.698927497007890031e-01
6.124508747291046440e-02
-5.694046866674701279e-02
-2.349233716831635455e-01
-2.179901346023657704e-01
-6.373927624504972522e-01
-6.004818406010111742e-01
-1.727637544323747110e-01
-7.983017823820256487e-01
-2.241875677976401526e-01
3.094663708313880601e-01
-3.076062826272024098e-01
4.229546552518101965e-01
5.696723017970788394e-01
-3.358144589722840134e-01
-2.355616921400603969e-01
4.357121890661021513e-01
1.248294092897423296e-01
-4.567196443481303936e-01
-2.482968612699549549e-01
3.125470241713122072e-02
2.409925323367727856e-01
-7.202049726671383434e-01
1.388520361761939881e-01
6.820763543662046180e-01
8.743574866250644062e-01
-7.806576439288501756e-01
-6.585592063088442361e-01
-1.000000000000000000e+00
-6.827864700513405216e-01
-6.881077575438563354e-01
4.197252739633852703e-01
-4.089838740182786259e-01
1.706237795524556677e-01
-9.642659233431158938e-01
-2.381368204391318133e-01
-8.349668059352096661e-01
2.208765588820104098e-01
-5.257424265724806034e-01
2.002949710697160268e-01
-3.955572708462688492e-01
4.135065151435586839e-01
-8.100715326653742387e-01
5.963938048103019085e-01
-7.657580836611467268e-01
7.606306130743033522e-01
1.617796200063081891e-02
7.657687996526396645e-02
-6.272254548072679903e-01
-5.439581664387862503e-01
6.140130299710291339e-01
5.647711115761935297e-01
-6.877145601490470828e-01
9.517552176809707110e-01
-8.006052377625314520e-01
-8.301703034335297104e-01
-5.601613656577365541e-01
4.388855433783065974e-01
-6.312072001831510182e-01
-4.734675000407589929e-01
-4.255678065816395073e-01
-4.618233983188124725e-02
-7.675157162370425112e-01
-4.923084639206940505e-01
9.940907349596999065e-01
9.323878239306413462e-01
4.558519783631522770e-01
2.977786357578228738e-01
8.134229878194580987e-01
-2.653676113422052674e-01
-8.746806013876420316e-01
8.586006893008724106e-01
-4.344066036343117998e-02
4.230054643655760671e-01
-6.609519525761052838e-01
6.936518402193272981e-02
6.445900967646199520e-02
4.808863709024336353e-01
5.681997014376103383e-01
9.692411732012062853e-01
-7.373512177879488760e-01
7.207163738091539873e-01
-5.237080770641195926e-01
-8.304121733016756046e-01
-7.846761051717469904e-02
-7.552748733960168437e-01
-1.851968928460277219e-01
-7.877017063342344194e-01
3.518417552979060114e-01
-9.704588772782161976e-02
6.030605990767971825e-02
-1.299554629432529418e-01
-4.038752643163313616e-01
-5.273050797772481646e-01
4.306209630544584055e-01
7.670195757731959052e-01
-2.351946111322114896e-01
-4.402581199738701823e-02
-4.523825501491664514e-01
-3.169550050709430966e-01
-5.895521931961474893e-01
3.722688252986682267e-01
-2.992724840972559724e-02
2.221897070659877294e-01
6.479257819036794430e-01
-4.711263252480244468e-01
-6.468483461451544070e-01
-9.547000149639436328e-01
-1.858443788004530139e-01
2.624843065942834563e-01
8.997532875175222600e-01
6.943749552329544494e-01
-9.661299176741661165e-01
-3.825660006350051212e-01
-5.508075539168103552e-01
7.976480262815190958e-01
6.294184961929363276e-01
-4.804559129213731294e-01
-4.605331142719397697e-01
5.102589336386029739e-01
-2.124840133638061790e-01
-1.520591876795394093e-01
-8.796613492973951454e-01
3.040712155010739659e-01
-2.245659368258181021e-01
3.331839229753092990e-01
-1.435434191118419578e-01
4.371402131406655345e-01
9.620110191953138434e-01
2.559576091752739924e-01
-6.570594507395383088e-01
-3.300734588662292412e-01
2.485363453962895208e-01
-8.183176153383210638e-02
7.913924005314536547e-01
5.606156300776410362e-01
5.299107057570842105e-01
-6.109120296122501070e-01
-8.227525684911720649e-01
-8.011834575235602385e-01
-6.202658696313012587e-01
3.250502009077727017e-03
9.727444448415178968e-01
5.288903794485655396e-01
3.006315703262083527e-01
-1.000000000000000000e+00
-1.132284694642275991e-01
-1.743158811252343565e-01
9.385436550155896729e-01
-2.550356482275010217e-01
2.790512134443683401e-01
3.823965534852029613e-01
-7.186620362605769530e-02
-8.175014429279657824e-01
-5.058601353198933781e-01
-6.132103541812032876e-01
6.833818590919930047e-01
2.912979113560469902e-01
-1.000000000000000000e+00
-1.000000000000000000e+00
4.262230777936472093e-01
-1.474408105259911728e-01
-3.501351900531671779e-01
-1.578849362419104951e-01
4.143338030745681300e-01
-8.071368201341856397e-01
8.235716619452027043e-01
2.113759102552841274e-01
4.807445655696342968e-01
6.347184019636626928e-01
-5.225261696347971441e-01
1.492601336340161067e-01
1.447192508529866195e-01
-2.324077208528259053e-01
-2.225824054555552434e-01
1.085203410594226536e-02
1.000000000000000000e+00
6.245486170047632735e-01
-5.583121423005300565e-01
2.895229008499317080e-01
-1.374031875346391485e-01
6.083717327716446632e-02
-6.228408352462004860e-01
-4.559395161853390110e-01
-1.301626608357513981e-01
8.999256711872465342e-01
7.506101280779911011e-01
-3.013713637614256480e-01
1.625623682210265708e-01
6.381213150517857091e-01
-5.833696072426302059e-01
-3.071726536463154078e-02
4.433175536224454039e-01
6.055929209958099343e-03
-8.932437851436534348e-01
-7.935836026245450814e-01
2.307072219637689159e-01
2.206917693474895747e-01
4.046483235689659619e-01
4.998301472842440751e-01
6.287568906773779442e-01
-1.000000000000000000e+00
1.971534725477001176e-02
7.123039942865661001e-01
8.179232248036502617e-03
-6.655346604970128199e-01
-6.097349640889858646e-01
-5.721986596041234163e-01
-7.031034829337303727e-01
-3.781469098054253131e-01
1.000000000000000000e+00
-8.165017069366689029e-01
6.349980961039778382e-01
8.443810380724428022e-01
5.720644147332720753e-01
-4.396533559629553500e-02
-9.578124354393051654e-01
-1.804899306214539645e-01
-4.012848795697824822e-01
1.150349311283921372e-02
6.466185111572620992e-01
-9.422877038546096928e-01
5.154025351055485649e-01
7.090511473870554360e-01
-3.677406888718701139e-01
3.976679374813121837e-02
7.257090402501097381e-01
5.280786079962931368e-01
4.301607785036656861e-01
5.606673320278725559e-01
-6.550351761010402285e-01
7.468506180126469607e-01
-4.880473277355980022e-01
3.360769299543886479e-01
2.937844711562644928e-01
5.923593116333560893e-01
-2.261092086114498967e-01
3.167440632628664154e-01
2.746369459611820996e-01
3.589986903116859085e-01
7.491768568640881920e-01
3.354878357453209281e-01
-4.856859878134108799e-01
-5.248137700194591138e-02
7.886982573321049683e-02
-2.874401272149139652e-01
9.084879786670356783e-01
-9.421302179370723007e-01
5.811586840081162109e-01
6.307958788944949546e-01
-7.080790660114059110e-01
4.378417155016354340e-02
-1.074082224875203551e-01
6.836106599557129071e-01
3.876218157854193214e-01
5.912338509767673944e-01
9.257478436934226673e-01
8.600534953381862302e-02
8.385446655303457897e-01
7.145290633139794734e-01
-1.352931578169740412e-01
