6.698622598965361385e-01
3.555635088108771713e-01
-1.755611895899836933e-02
-1.439898740789336828e-01
8.491645862667346334e-01
-2.976761757148581600e-01
1.000000000000000000e+00
-5.988074071515269159e-01
-4.445758087528711711e-01
-8.208002495235795504e-01
4.877800742716330018e-01
-1.038618724924630365e-01
7.230144734897366032e-02
-4.316692791418531572e-01
-3.157362550400606427e-01
5.645868954416358720e-01
6.893407447978705527e-01
-1.000000000000000000e+00
-8.050130822833586608e-01
-5.035648818899680634e-01
9.261878443864294264e-01
2.274302308315854226e-01
6.685556582653585656e-01
-8.393356345930955698e-01
8.303908677737570354e-01
5.329006915775871267e-01
1.055485537127219958e-01
8.997352249038901295e-01
6.020838554963329203e-01
-6.550977971687166335e-01
-3.984285572117124974e-01
4.937696459228940182e-01
1.831088941269622128e-01
-9.241301593764665590e-02
7.852080695590532011e-01
3.895186549682715105e-02
-7.183151865155698590e-02
-8.722699837301777226e-01
-6.240882890882957224e-01
-4.188472566484390258e-01
-7.076376477443178103e-01
-4.482944470971708117e-01
-2.810670653703736255e-01
4.521419168433679636e-01
1.341367399646626879e-01
5.737351954665761422e-01
-1.906898240378643306e-01
1.160244577069171473e-01
-1.000000000000000000e+00
9.928679174848660249e-01
8.875282573607368164e-01
-7.512895810107407257e-01
-3.011232683084466566e-01
-5.739465956747819009e-01
-6.227134397070485106e-01
-3.970377059163281985e-01
-1.000000000000000000e+00
-9.210205945313267861e-01
-1.000000000000000000e+00
1.646505793898175307e-01
-3.981275757472798604e-01
-3.121446806748107705e-01
2.520340513503924740e-01
-9.280139844832336893e-01
-1.892915191972867062e-01
-8.901678521819059720e-01
3.869146333705479335e-01
6.106734192676797207e-02
6.857413032244012996e-01
3.388183491257434204e-02
-2.854243723286458700e-01
-5.820142211858535530e-01
-1.000000000000000000e+00
1.301757856173086092e-01
3.983685799786714776e-01
3.634570298376824105e-01
-6.782068591242202960e-01
-1.692472353988014322e-01
-3.109893920838077142e-01
2.017236856607144413e-01
-7.231087840628538377e-01
6.616883248026350639e-01
3.769024610793277885e-01
6.539225680632073656e-01
6.750422462407048574e-01
4.017029968900672765e-01
7.804393234918358124e-02
8.078497699224038708e-01
9.853268699823698462e-01
3.983619762541321663e-01
-4.582498535104583826e-01
4.679735617993232011e-01
-2.361251990509325160e-01
6.788690665841159433e-01
7.170330348079115290e-02
-8.106997892014988771e-01
-5.138434578933359642e-01
-1.386337707648133688e-01
5.971226743337488818e-01
-6.674138785045528044e-01
-4.411085246709228747e-01
6.974304871697026842e-01
1.000000000000000000e+00
-1.000000000000000000e+00
-5.016392684851681549e-01
6.102000203674085022e-01
-9.682851953873592432e-01
8.299793047932213508e-01
1.783035215754663894e-01
6.827048269123892066e-01
-5.861789461810538171e-01
-1.472253462661263779e-01
6.535633700556791048e-01
6.283130205151351566e-01
-7.550930031947875598e-01
-3.569322276470451860e-02
-8.050182482159946584e-01
-4.377865176506529066e-01
-1.374881140567681681e-01
6.025170030632750473e-01
7.343024317262777378e-01
-9.580729339222721075e-01
-3.344170211564724826e-01
7.052151193740893720e-02
5.607229018946063848e-01
-5.431836859237233472e-01
7.012919656400524726e-01
5.555639602249008713e-02
-8.146757282498893193e-01
-5.294077808042078059e-01
-3.984610519658224326e-01
-4.293054371655913304e-01
7.367327618755572516e-01
3.527288968350628107e-01
7.903671486307868310e-01
-8.405217928124861237e-02
2.735532159914097483e-01
7.451610175650499324e-01
-1.499560770245858821e-01
4.602316140352203377e-01
5.537408909589174311e-01
-7.970226568691380908e-01
4.561008704955465953e-01
-5.354780018670433073e-01
-3.543270488278375541e-01
-1.885896034296498380e-01
-6.520481817487500109e-01
1.910107219390378419e-01
-7.901222987658594876e-01
2.741533246298161197e-01
1.000000000000000000e+00
-1.000000000000000000e+00
8.205985910347368684e-02
-3.676106749895521886e-02
-6.731925761056786195e-01
3.306053696479284709e-01
-4.115161271907536999e-01
6.650687481192255057e-02
3.728428560314523965e-01
7.888335256825044217e-01
7.426224534319342263e-01
-4.156506245357052265e-01
-4.919463842592631253e-01
4.170901565355875085e-01
-8.100340538889257980e-01
6.642324162806879650e-01
9.207675882005387225e-01
-8.118256546728462864e-01
-2.784011104425855310e-01
8.249393178051549202e-02
2.988653977762013025e-01
-9.096472773396653277e-01
-6.707346344761687673e-01
7.021199200332676194e-01
-3.729369099507782170e-01
-5.909969428738814923e-01
-6.835876492914452207e-01
9.413146610906265588e-01
9.093457956145286625e-01
5.974952323492480621e-01
-8.405228552032588674e-01
-1.371427986478457317e-01
1.673541178707939059e-01
-5.113124693245235663e-01
-1.000000000000000000e+00
7.892712843202643880e-01
-4.783508947884481666e-01
8.137709051760172452e-01
-8.515519055793225878e-01
-4.012986237242546217e-01
-7.010863561837814562e-01
7.297081705929964190e-01
-4.578385380319462961e-01
-3.397893322653244841e-01
-6.962070793818238013e-01
1.453720793101733605e-02
3.185469931653302500e-01
9.113293101276552788e-01
2.647509214319591908e-02
-1.000000000000000000e+00
2.353159102821834603e-01
-4.079762722833245314e-02
2.423745072786060994e-01
7.519237160867372483e-01
-1.666703846781994736e-01
-8.190961518370772909e-01
9.071745060259782667e-01
4.188611525657861545e-01
-8.934463091328088691e-01
3.737418812601600582e-02
5.599100916808020800e-01
5.678325086961164558e-01
-9.334362134779793374e-01
2.716032967335297865e-01
1.000000000000000000e+00
5.195436175675944845e-01
-3.354388413720943984e-01
-1.000000000000000000e+00
-1.902007378591933362e-01
3.926729098435387533e-01
9.927620524665644597e-01
-1.000000000000000000e+00
-9.509155219780257573e-01
7.275674466911470351e-01
5.423911741516442842e-01
-4.850963892723173521e-01
3.555991725534832226e-01
6.706181149799496088e-01
5.317067449673543167e-02
-6.901322146124246881e-01
-6.254222159594238217e-01
-2.232332531183213176e-01
-4.962291960870871543e-01
8.095933243748379970e-01
-4.962020565766918079e-01
7.069774176825623924e-01
4.673155327272354165e-01
2.119048274513810615e-01
4.029666085535744680e-01
-1.318928679628093015e-01
-3.574916703710533383e-01
4.568030751049356186e-01
-3.981949740660626347e-01
-4.682758597816588653e-01
-3.489769171653185342e-01
6.120096737368255768e-01
-9.812709506119977887e-02
-8.670036069743530804e-02
3.235476207066647070e-01
6.551722109244999537e-01
-1.000000000000000000e+00
-6.294832767168220822e-02
4.016095222043772339e-01
-2.605310456712014444e-01
-8.125970534895250452e-01
3.908907037532122764e-01
-3.095429171392019008e-01
5.354713571399540850e-01
6.209417960912277934e-01
5.681533911545318810e-02
-5.691653033137744622e-01
7.877394413376904714e-01
-5.961424649864270897e-01
4.438276552700332056e-02
2.038332579665487754e-01
