4.718367830908425931e-01
2.441501148611427419e-03
-4.622496040486006597e-01
-4.849376779979222563e-01
-4.742720772335665691e-01
-2.864426042867341815e-01
1.973852096296229153e-01
2.935970521381960907e-01
-6.066958941491265023e-01
8.812742652797314058e-01
8.573769581517251548e-02
-6.997702819335701596e-01
-8.674346034850582976e-01
-5.190680297821186340e-01
-2.303268850522787736e-01
2.713615325160992908e-01
2.135448357654090301e-01
1.917891398514998680e-01
-2.200378753095733886e-01
-2.258023086889071607e-02
-6.345833084477953134e-01
-9.704766447884735081e-01
9.839060341623903083e-01
2.203278652683301475e-01
1.282256689248685855e-01
-1.409528010370355022e-01
1.765293534425742550e-01
-3.187307441623864479e-01
7.443983987815095960e-01
8.559153846680043198e-01
-5.269058794686040104e-01
-1.655379043470200373e-01
-6.002626966189643642e-01
-3.675441795477556450e-01
-3.199985740179993599e-01
1.155360887779087325e-01
-4.257296791506128830e-01
-7.343902269933015869e-01
-9.829641798110310136e-01
-9.380052939241305676e-01
-1.000000000000000000e+00
-1.176842061376170423e-01
6.266643672507908880e-01
-7.393398451020403161e-01
-1.713271790764138713e-01
-1.696947427237320283e-01
-4.991214676332244027e-01
-3.369733439133990593e-01
4.781703534134770228e-01
-7.472121125441774092e-01
1.000000000000000000e+00
7.816347412244275539e-01
3.962804667231572542e-01
7.874369471232524065e-01
-1.975123969569018145e-01
7.310368621830148905e-01
-8.745582008495286774e-02
4.714277353011196992e-01
-3.704748717483948850e-01
-7.014895507597008750e-01
-9.668483894220566421e-01
-1.861382922023637199e-01
1.000000000000000000e+00
-1.515880890412470150e-02
-4.632307750431531312e-01
-2.537098822323547997e-01
-7.012736471303476771e-01
-6.294664409462430443e-01
6.296540016094936965e-01
7.425642950388819941e-01
1.859850063474773052e-01
5.271805496655145307e-01
9.295685002052095358e-01
4.632722151307639563e-02
-6.369034941326503496e-01
1.827527881499682594e-01
-5.259708217453964441e-01
2.401137286880487554e-01
1.000000000000000000e+00
9.931440464600298224e-02
-4.987878977689258475e-01
-6.915465668133768951e-01
-8.639553680195513063e-01
3.994064930832222915e-01
8.005599484864593940e-01
3.411065539372357680e-01
2.862415329137138476e-02
9.150625864887359517e-01
6.766046955804480012e-01
-1.442071533634503577e-01
-7.752258932964174454e-01
2.134693682226448674e-01
-7.600075229946184896e-02
7.155320113618697242e-01
2.299295398535168844e-01
7.729030894498387649e-01
-2.428100044274493219e-01
-2.315136160894469275e-01
9.554859013173294668e-01
2.571608736309731746e-01
-1.745129805902048137e-01
-1.000000000000000000e+00
2.457712047432283886e-02
2.317899874612172062e-01
5.506153273924427882e-01
6.683061800304132549e-03
1.563810148817874890e-02
8.467780281324730485e-01
9.010498430554650939e-01
2.818630065980863297e-01
-4.384713507013145439e-01
-3.281412945484910582e-01
-7.272266684249595325e-01
2.815959789336505148e-01
-2.642580106067519141e-01
-4.716215461540971265e-01
-4.860744217508096432e-02
-8.570550788989611535e-01
7.928962899538164466e-01
-5.592960528572195056e-01
-1.516209823006436641e-01
-9.784126764368465956e-01
4.223939347800212962e-01
2.654775117216110480e-01
5.413346723498387858e-01
2.494588236169683892e-01
9.377896527516271785e-01
-7.906806699548460937e-01
3.054069707381615872e-01
6.304375473684334930e-01
3.756775018807440580e-01
7.142221678520705996e-01
-1.822783319671624214e-01
-2.481494941348275640e-01
6.729113138625905099e-01
1.000000000000000000e+00
-3.760966659530613487e-01
-7.581362280962609113e-01
3.114489004023535124e-01
8.392463007215439363e-03
1.759045380604248310e-01
5.000543431170298980e-01
-2.837786737077079846e-01
-5.398387838905003289e-01
-7.415366500405019823e-02
-4.176229657368841774e-01
9.809735293959478408e-01
-5.035014353255619080e-01
-5.038957862953170608e-01
-2.437673590062899576e-01
-1.715195124735467980e-01
-6.335100060270089095e-01
-1.506871872403363066e-01
2.965028989308646779e-01
8.918319214663844585e-01
-5.496410086185173904e-01
-7.629884471073761221e-01
7.847665447396076077e-01
7.169923717789594697e-02
5.402315864858115990e-01
1.127572110238353464e-03
8.566496501159039934e-01
9.426055744932333447e-01
-6.525148390630712836e-01
6.798434616204938052e-01
-8.432043907105171154e-01
-9.891082328387227340e-01
-1.000000000000000000e+00
-1.000000000000000000e+00
-8.522782203827915515e-01
-1.813054542874164010e-01
1.712527515049822868e-01
1.000000000000000000e+00
-7.593227835569298367e-01
1.321019926880429574e-01
-4.640162495017178257e-01
5.416059207058001590e-01
-1.000000000000000000e+00
5.443811838022053484e-01
1.603165816826368495e-01
6.028512470685771785e-01
-6.008254644761688024e-01
-6.637610294296081292e-01
-7.212223931441925640e-01
-1.000000000000000000e+00
8.518543341370168331e-01
4.155140169901171410e-01
-3.754853900736893069e-01
-7.284584897970927120e-01
-1.000000000000000000e+00
-8.732805469680621213e-01
3.549103071540409826e-01
-8.680672391506885077e-01
6.618394913579045413e-01
6.671091832031812441e-01
-7.779928415028672939e-01
-1.897720780587476286e-01
7.432467825472029999e-01
-2.582510056776716190e-01
-1.170685711718986305e-01
-5.680578669406993741e-01
-9.331922354420458809e-01
-3.970177668425610151e-01
2.316238430132072645e-01
-5.168586968845874097e-01
-3.024619190424809867e-01
-6.143471620913921738e-01
2.659962377399022748e-01
-1.406002115575956668e-01
-6.827526266722561132e-01
4.097503504913967975e-01
1.531524848224346813e-01
-3.215100967744052851e-01
7.692308162664587279e-01
1.000000000000000000e+00
5.477163990122770887e-01
-5.555717783805386167e-02
-4.284420243376788062e-01
-8.409830039243556543e-01
-5.633633994007239965e-01
6.383578925015066519e-01
-6.941824865530119570e-01
1.969544743926498753e-01
-8.907558039596921162e-01
-8.433039552768198943e-01
-7.564804790572301485e-01
4.993530495631881561e-01
1.022736683545796832e-02
5.692137477479509711e-01
-5.118943911600962737e-01
-6.962710949568892693e-02
-2.575630767716762803e-01
6.961009750737979784e-01
7.741924571346456840e-01
4.042920752704529108e-01
-6.479876033570413085e-01
-2.670818286610424641e-01
9.358664785986260393e-01
9.629861505214171169e-01
6.561173028776974281e-01
-2.341800165193838046e-01
3.859118751485736409e-02
6.652482008815496783e-01
7.718922673774368803e-01
9.460600987087609548e-01
7.861473468750627136e-01
-3.143948487881766396e-01
-5.070965891197530828e-01
1.690566677394517159e-01
-5.295791213162244215e-01
-7.909873349986584756e-02
-7.648259754045225733e-01
-6.951818376834960622e-01
2.911128558132514144e-01
3.977993038260808079e-01
-4.125742120068262020e-01
8.174558348540191810e-01
1.000000000000000000e+00
-1.964617780772404954e-01
3.485610735363563473e-01
8.190943443509159927e-01
-8.713212531077336731e-01
7.115071336829617010e-01
-9.145929014640112598e-02
6.521515004041480434e-01
