-9.259899257090786762e-01
1.522046006174644361e-01
6.689497414756115923e-01
-9.223701873883853875e-01
3.927694340551408647e-01
-2.048816883239150677e-01
5.438159480977982074e-01
-6.805338252622397111e-01
7.646139076416702540e-01
7.237414142974341047e-01
-6.193150741654105396e-01
2.387385042435268279e-01
-1.400754041506468983e-01
-7.321376832049395489e-01
1.190010566490120603e-01
2.804258186319612545e-01
-7.116982910267659612e-01
-7.386123263445691922e-01
1.275080506617110032e-01
-4.421442542991607105e-01
8.397686553291339173e-01
2.888993516388227434e-01
3.012946210705136352e-03
6.804255161958752129e-01
-8.480536828952458528e-01
-9.156238113055508165e-01
4.592206814842103579e-01
-5.181215241969849838e-01
-5.987600135314985472e-02
-5.881073477167213515e-01
3.996388229200524833e-01
7.349812961538495504e-01
-5.137729050214965287e-01
-3.779603911181690368e-01
-4.079421181866536017e-01
-7.875857628168287938e-01
-9.037887504022155127e-01
6.452765725191800250e-01
-1.043094568754969753e-01
-6.804345928756350137e-01
-2.212575994912677757e-01
-3.066522718696551575e-01
6.928626956068277831e-01
5.565270081722240025e-01
2.831596706248509232e-01
1.043982876668638760e-01
9.991591873022027670e-01
7.802629519562784832e-01
7.223017815127976693e-01
6.334196862747156764e-01
-2.641227259960876594e-01
-2.081010918465253656e-01
7.837425701210649631e-01
-9.433211176066358394e-01
-5.436363960564283282e-02
-3.367326160151640213e-01
9.259839513654004595e-01
-1.808485058706430504e-01
7.806127965256171031e-01
8.172104708876315460e-01
8.838380323719410292e-01
9.580889780866670424e-01
-9.653197180661867716e-01
9.849035408929094348e-01
-6.504765413693447407e-02
6.427146571326991520e-01
-5.487142440248520270e-01
-8.645014236828829635e-01
-8.927777232437361654e-01
-3.872967006702203729e-01
-2.350593260639608495e-01
-7.040023015056744438e-01
9.719745105242378891e-01
-2.868692825694618698e-02
1.383314082201667627e-01
3.200672495867264988e-01
-6.456633664937483363e-01
-5.351522890979918401e-01
-1.713297444814401160e-01
1.496980261727922645e-01
-6.550241970798031943e-01
-2.443679264960139097e-01
8.733744213815930468e-01
7.137695748491621472e-01
-3.884095557204707561e-01
-8.451450588401723252e-01
-4.824740094118451506e-01
2.890895021255972530e-01
-6.652488253560866482e-01
5.876731641335746215e-01
-4.676803856173381568e-01
-9.423127752889781661e-01
5.829477279173078674e-01
9.647097878842425533e-01
7.746931088753750139e-02
7.568566627039197137e-01
-1.461880821423566790e-01
9.152082999739186153e-01
-3.337265755694041047e-04
-5.273578481970730980e-01
1.381164090752498019e-01
-1.009095367885166628e-01
5.733126531744829890e-01
9.937672196456750484e-01
8.364689107155691694e-01
2.563942115394501897e-01
5.795940960092378358e-01
6.255685604088241369e-01
4.515932342318640380e-02
-9.513275011204556098e-01
4.270409476148886441e-01
-1.116677489917690114e-01
-3.578009444962522156e-01
7.265060976762194311e-01
-3.894624059009939021e-01
-3.491593408322344327e-01
8.052078559685855730e-01
-1.775696666232629006e-02
-6.208920046805674886e-01
1.180984961542210776e-01
5.380676164138464834e-02
-2.997521397520508390e-01
8.851522194851342284e-01
-4.076985166667999039e-01
2.043932598619413454e-02
-7.650148495385522551e-02
-2.333367622008044595e-01
-2.312859322062166267e-01
6.587327130266313890e-01
9.064733520566159442e-02
5.517224724609803843e-01
4.643239591660821564e-01
5.125262746493417509e-01
-5.887090069778231349e-01
7.367195255159053602e-02
-3.981110103840432846e-01
-4.005047702754920280e-01
-5.707042725576740860e-01
9.496359914408514236e-02
1.675471628671318935e-01
-2.819386824600180752e-01
-9.904486339005098561e-01
-7.944459244264581166e-01
4.427661701832383834e-01
8.978865130755908641e-01
5.788644341252435765e-02
6.158649224833161462e-01
-9.383257369396218461e-01
2.542617232140496064e-01
-6.099538265510018320e-01
-8.900037060649255150e-01
4.199031062481317633e-01
1.096625944250613216e-01
2.288397171653810958e-02
-1.325039778643981592e-01
-4.285718371414890537e-01
-2.484501220948585054e-01
1.743368462090104654e-01
4.239789089280256995e-01
5.046206775097679120e-01
-4.973997155317175789e-01
-7.219317906245621419e-01
4.139082855962490370e-01
-8.373925442001124431e-01
1.603465335250995327e-01
-9.952513719576756568e-01
-3.667862870973404021e-02
4.017536760558184650e-01
-2.303069562102331158e-01
8.200680402647344547e-01
-4.337416006722039086e-02
-7.776255876661584132e-01
-6.240860795377238812e-01
-6.788300435278757927e-01
7.796647628280211073e-01
-8.469665334037641546e-01
-8.776577563834593310e-01
6.158522010940703506e-01
-7.068388372137730524e-01
-6.560654325643382467e-01
8.763150779172121929e-01
6.065496866977517776e-01
7.192042971436209964e-01
5.923109939576252092e-01
-2.155404996490219993e-01
-7.456612383390621712e-01
-4.058177310324302400e-01
-3.621351223005282449e-01
-1.029020842558108217e-01
1.275233393066148579e-01
8.929401459989030343e-01
-8.004937133394318671e-01
9.682424321492870689e-01
-7.567560577498246843e-01
-3.434798556573042116e-01
4.029314268982269187e-01
5.938648100524046569e-01
3.686364260069046050e-01
-7.133063722229637804e-02
-1.887482299176883593e-01
8.555361745357539238e-01
8.491104990470683678e-01
3.711348931245808114e-01
3.669573786192126263e-02
2.502610087894154844e-01
9.380146544035614653e-01
5.475758342092829078e-01
8.205054115347072408e-01
-7.265556237806429785e-01
-7.267565545328198429e-01
-4.509231218376144046e-01
-1.187688672585816008e-01
5.348737830490422063e-01
9.731250251961494069e-01
3.360755310067291557e-01
7.197616471878256483e-01
-6.439857315290908879e-01
8.606718934641894858e-01
5.800057687743025436e-01
-3.615482925697697247e-01
-6.512634946759365828e-01
4.482495926859217938e-01
-5.442625246670307337e-01
4.815681865575509590e-01
-9.501393900136583248e-01
-3.088289754722173264e-01
5.014997848931130875e-01
1.110263279605274711e-01
-9.774544342119582119e-01
-2.804290400336406641e-01
-8.559588784976763787e-01
-2.792306627690950283e-01
1.568507560522556243e-01
5.470401405389968552e-01
-8.162262164091995675e-01
-4.817275765386608288e-01
3.590392763140570764e-02
1.275474275693542214e-01
-2.866728384389161111e-01
-2.974164819880096289e-01
4.714799513540144371e-01
2.454265464296414567e-01
-2.698274974410457272e-01
7.512739859274639720e-01
-6.492829528032457720e-01
6.942374019417909548e-01
-9.206105950757770273e-02
8.590912803889159122e-01
-9.114935455728152558e-01
-2.323222181682855769e-01
-4.491423560833815998e-01
2.132264145702413849e-01
-7.957161989689249815e-01
1.071927860526962206e-01
8.507105565146255710e-01
4.713639377381215745e-01
-1.394003849959872809e-01
-7.074829855344797469e-01
5.951024411948027115e-01
-5.602312468648951160e-02
3.253134265198243114e-01
-5.039322125481315862e-01
4.655582609407300509e-01
-6.099378458218556176e-01
7.701690518356216764e-01
