8.699547042844315570e-01
4.007992675482896505e-01
5.088047650021174650e-01
3.929929451529370343e-01
-9.626745901743705147e-01
6.121053432134657135e-02
-6.499905412998823184e-01
3.194312400743337665e-01
-8.106261017498268551e-01
4.875611866924092208e-01
-8.781296553257107451e-01
4.102615700925150294e-02
4.587020437525217709e-01
-1.933159800347953594e-01
-6.250328092031623983e-01
9.165740369192869608e-01
8.735084839481732644e-01
5.878397593749037364e-01
-2.173353779430893251e-01
3.760924166312662464e-02
3.072397291894949922e-01
-8.520426854700062780e-01
-3.748826518819377007e-01
1.452003988691453473e-01
-8.830469591113518923e-01
3.999391346813616077e-01
3.804340461077218016e-01
7.746360987336807780e-01
3.907062507934092599e-01
-7.207420729703135631e-01
-6.140501322991804845e-01
1.824349460294240610e-01
-5.560406903213718222e-01
-1.492130576896012750e-01
7.530022715775688269e-01
9.761686050675431048e-01
-1.000000000000000000e+00
3.496613345875745349e-01
-6.202539869439949172e-01
7.288434553095218815e-02
1.000000000000000000e+00
3.587458296733821994e-01
1.000000000000000000e+00
-9.445426090613853187e-01
2.970447082722821319e-01
-9.672430122553958842e-01
7.383202942594647711e-01
7.277748168912452353e-01
1.000000000000000000e+00
5.445641652195454263e-01
8.136116046353416564e-01
7.889675516280454382e-01
1.291887199472983028e-01
-2.577660365175380441e-01
4.247870051355933096e-01
-3.886499558604443738e-01
7.998457515210273261e-01
-1.672404783841968667e-01
-9.093043913671299272e-01
-4.928296432085940149e-01
-4.980378932802772551e-01
-1.268140077262887577e-01
9.056427473196877465e-01
8.178965092636020229e-01
-8.539854477890407303e-01
-8.204408018602183938e-01
9.391315330919253190e-01
-1.866345803646417278e-02
1.000000000000000000e+00
-8.298643499787994315e-02
-1.000000000000000000e+00
-2.571565085159344122e-01
3.149140844576586162e-01
-6.088660095715081599e-01
-8.558999106518617728e-01
-6.314294508227276115e-01
9.887832248689503167e-01
-3.817088122095769753e-01
-1.014925709598399339e-01
-6.973205415160896870e-01
-5.602051828404214923e-02
-1.960154237006674349e-01
-2.737897512674153377e-01
-4.249039012378288960e-01
-8.695660675696974540e-01
-6.288521762280113725e-01
-4.860101232155572548e-01
-5.142438850399488892e-01
-3.035748362583242099e-01
-1.359762208611568490e-01
-4.719720908115967450e-01
-6.894127660510902533e-01
6.449680395996637561e-01
8.603755704745938981e-01
7.435952225460844556e-01
1.695121724230366500e-01
-3.638964704870109035e-01
-4.931387966929721145e-01
6.520322282800243840e-01
8.346255074762399806e-01
-3.682995402197098977e-01
-6.966266539624810239e-01
6.069201957691027216e-01
7.738254975540144187e-01
6.768676883729142224e-01
-7.522276550217736890e-01
8.538740585190984778e-02
-6.397908479493119582e-01
-7.814598190303578829e-01
-7.020122762703936425e-01
-4.552739978305755386e-01
2.388909278332079084e-02
2.056690269610174926e-01
-7.904872050557698593e-02
8.553663284051271631e-01
4.646964277594592962e-01
8.036987908216179921e-01
-4.478492610229523052e-01
5.934965632396609347e-01
1.800777858834494705e-01
5.439126076463944859e-01
-1.000000000000000000e+00
6.652991840837340076e-01
3.739808056988680462e-02
-3.207472777648096018e-01
-9.221033165382941377e-01
-1.192966746248205617e-01
-3.883077898910405196e-02
2.530029378538181106e-01
-9.260646118652491321e-01
3.451196846775322347e-01
1.611261132372896476e-01
1.251135188697531375e-01
-6.763567444509583915e-01
7.850993342083254500e-01
-3.194484718431407910e-01
-1.854743945515606729e-01
-9.755864640248134156e-01
3.045680062233518393e-01
-4.241745147919331327e-01
7.420122353719006414e-01
-6.515649065328052991e-01
8.071705752614845020e-01
6.142438738855984237e-01
7.998696629087985732e-01
1.072137204932711863e-01
-1.867428189093450069e-02
-2.383186866876101373e-01
-6.602030437354525771e-01
6.324899034587356805e-01
-9.628434988438099307e-01
3.621913948025823338e-01
-3.747636588202692964e-01
-6.754062314776082543e-01
-8.850066029101248677e-02
-5.170011821856828060e-01
7.271637126570575926e-01
-4.054294643210748506e-01
-1.769077310267012371e-01
-3.981775128127205132e-01
4.778122848474970485e-01
-8.620536803558602745e-01
-9.114627024282813406e-02
-6.452189635445940707e-01
6.280235130713296421e-02
4.237755704356708786e-01
-5.990866264671803609e-01
3.917506925115047944e-01
-6.903213026128679486e-01
-8.736167281994374756e-01
6.487641907022256849e-01
6.514076066902212414e-01
-6.842837682421469836e-01
7.410530389587954847e-01
-5.650229645540014722e-01
1.957618163583213500e-01
-1.877409550144459871e-02
-2.312075037369058506e-01
-1.520675561074393278e-01
4.518743318415638366e-01
2.066738989223164957e-01
8.463216612880856138e-01
6.039049287432098900e-01
1.810802252113953570e-01
4.585998660334416055e-01
-2.589099032220949503e-01
-2.321849808436330931e-01
9.572284193359297255e-01
-1.406913784937413037e-01
-2.985310226229794806e-01
-1.367093528788462242e-01
-1.624948154862131400e-01
-5.410621094019617550e-01
1.847739787068980455e-01
-7.909576125282209436e-01
-5.772824715082996994e-01
-5.788833325607343205e-01
-2.698369497761400893e-01
4.688693182065171161e-01
-8.404774679143603433e-02
-1.902819783063638692e-01
-4.138882505792756961e-01
1.339151751540752777e-01
-3.694808026803485940e-02
6.683340213470341240e-01
5.719769004267354351e-01
7.532138571466702459e-02
9.246644133854358127e-01
1.509335468792900592e-01
3.399320522695398750e-01
5.179754990707918783e-01
-8.060603722341784794e-01
7.628613281857274941e-01
-5.994681951752866417e-02
5.859156877357938331e-01
-1.316731501511428926e-01
9.293559534576074643e-01
-5.691408087304901109e-01
5.751506793438938558e-01
-9.205136816338868044e-01
2.733855295250095518e-01
5.224391619256484043e-02
2.042002437886684951e-01
9.782260944240407374e-01
-6.745438505366416759e-01
1.325308424795769713e-01
5.941459530916559650e-01
-4.605584207658142137e-01
1.113811660088931399e-01
6.293337482860101861e-01
1.235994004280938086e-02
6.300049111313714700e-01
-9.457927838530251208e-01
4.633258503734798417e-01
2.058989777287371370e-01
-4.545682232804431067e-01
-5.722023488833837268e-01
-1.417869752506212278e-01
-7.025498692208206331e-01
-2.345728551054473421e-01
6.216851739602040627e-01
-3.852501373025216669e-01
-6.357106545527733132e-01
2.506990035118963345e-01
-8.812488072463027233e-01
-6.697977453043176821e-01
8.156442727253587766e-02
1.726769672562890046e-01
-4.242480050022807703e-01
-5.376669778442464409e-01
1.921091968869060584e-01
6.365955934352407475e-01
9.167625667154380986e-01
-3.897778895441016966e-01
-5.454119138609898609e-01
-9.654975663504632433e-01
8.965163789523991067e-01
9.485240517532101956e-01
-4.230076108504436938e-01
-4.182231752434285577e-01
-1.462876744852804889e-01
-6.836250881509935429e-01
2.017143270646162834e-01
-8.213799363953021571e-01
-8.641345784167271393e-01
