-2.738714399846060576e-01
5.081502985056154387e-01
1.276572116671124690e-01
1.612140959384544270e-01
-3.183449315258565226e-01
8.438511777345832909e-01
-3.337904932595135987e-01
-7.549404312320115440e-02
3.521929776087675545e-01
-5.564006389535226527e-01
6.692276322479553952e-02
-6.541778299821185416e-02
7.797524871481157360e-01
2.920826162667333747e-01
5.849441137429580717e-01
-8.777582968345193359e-01
2.516153894491566789e-01
-9.631070543180421106e-01
-2.244893415158873973e-01
2.027475700679380322e-01
3.386404643125602854e-01
1.000000000000000000e+00
1.581910981103731018e-01
4.423521648487748203e-01
1.380208372671483108e-01
5.241854479477934259e-01
-7.657872183660987542e-01
6.909855688490687542e-02
-9.874485059563339884e-02
-7.431363050675139359e-01
-4.123328969601505745e-03
-4.716659764428539070e-01
-4.271567702108273745e-01
8.277097474971347735e-01
-4.298354095183472556e-01
-2.946037732453842262e-01
9.577707142370514015e-01
1.683334108217064348e-02
3.100588324822033948e-01
2.215462100607847595e-01
5.970288806828482064e-01
3.000485452686516563e-01
5.335937717573236982e-01
7.578637438464218556e-01
-2.196229911861553030e-01
3.635917222072037602e-01
-6.271974528955434058e-01
5.697041395779742778e-01
-2.117763495217377390e-01
2.663973908058968054e-01
1.829196873300733550e-01
6.467902582765495678e-01
7.169973322380712721e-01
1.676715481787123541e-01
8.519485599168337142e-01
-5.021275969808893791e-01
-9.441762371419704092e-02
-2.910843604734669188e-01
-3.770152446196313178e-01
-6.075573313499432748e-01
-3.236032020163591705e-01
-9.359939472895433266e-01
9.064382207117671619e-01
-2.473763564258188996e-01
-3.565107045502791672e-01
9.584863174569151489e-01
-6.568652125780152229e-01
-2.516852879733637027e-01
-1.913545391451369759e-01
-6.696850894800689957e-01
-2.120286492402710943e-01
-1.000000000000000000e+00
8.445026457733588732e-01
3.014744120424636131e-01
-6.831038788890837488e-01
-3.251283077108780839e-01
1.648439456710738549e-01
2.206848573250320689e-01
-2.906702622103342626e-01
3.845645247566739644e-01
-3.920231573716358442e-01
2.715891514609629631e-01
-8.419223882046433793e-02
-1.297017521382236582e-01
-6.114251326195137004e-01
6.075070697845004197e-01
8.470260233786340576e-02
2.257034588583539669e-01
-9.176575281524138594e-01
-4.352165682757208609e-01
6.261023787016304354e-01
9.107282765191333507e-01
-1.436894650299345988e-01
-7.613948215283556920e-01
1.926791239594466132e-01
-6.749026360195309326e-01
-7.578893804830453274e-01
5.806071167984623305e-01
-7.997785136563398400e-02
-5.461598758273389365e-01
-7.149321036729269219e-01
1.646761048953237494e-01
5.063807168185446850e-01
7.318757359287351993e-02
-3.740055101996334064e-01
7.392356112187886685e-01
2.804090352611383619e-01
-1.915504176292192884e-01
2.909572488916113420e-01
3.353326495737628532e-01
3.321063603400864483e-01
-7.871335477216672150e-01
9.178272953390157474e-01
-2.222902073479651741e-01
-2.716815404497421871e-01
5.734608755058030471e-01
1.000000000000000000e+00
3.215325706848569109e-01
-1.000000000000000000e+00
-7.891385922200713221e-01
7.189078660841656809e-01
-4.039449553629721468e-01
5.216922612610574994e-01
-1.000000000000000000e+00
-3.977146593217567583e-01
9.200086335698498541e-01
-4.875182808465584605e-01
8.598179522377249473e-01
-6.479313374974560169e-01
2.419592358135736199e-01
2.738107529121837636e-01
-3.610034762996371382e-01
4.727800996961077917e-01
4.971626461606503677e-01
5.266671432100855643e-01
1.627159883431602838e-01
-5.352577505493784082e-01
-4.187922887273240469e-01
2.976621525066580620e-01
7.604940428215000159e-01
-5.163241989830475998e-01
3.354344916994991821e-01
8.101888474065267465e-01
-9.926877144156923682e-01
-5.942035485787139359e-01
-2.095769507817048516e-01
-5.479329336263299988e-01
-8.957169456793460105e-01
-3.984321705280348125e-01
9.979150658617158554e-01
3.030380402510544080e-01
4.234333858185675842e-02
3.483417374645775277e-01
-4.635298727826117626e-02
4.288008306329675334e-01
7.791151366176933823e-01
3.867190768843700166e-01
-5.124226713663896371e-01
-1.871769749725494536e-01
-6.646042573704799006e-01
-9.481611877516253895e-01
3.080040180107931347e-01
-4.563375378751621803e-01
-9.529749372104830973e-01
-3.937462795593322795e-01
-5.754719171962954238e-01
-5.237210599764891006e-02
6.474677058479306746e-01
-7.772646524713542338e-01
-9.836952576935179549e-01
8.510213703195056156e-02
3.194435588335766130e-01
-1.785977021310234669e-01
-1.000000000000000000e+00
-8.470125253623194128e-01
4.407492492366470449e-01
-4.425928871420036215e-01
3.520214105785478553e-01
-2.213141169202667846e-01
-8.199484249700036420e-01
4.057969497028438566e-01
-5.307608762245561440e-01
-8.176091430663092741e-01
-4.647479341096741323e-02
-2.668789001679148232e-01
7.802696978536258765e-01
-1.769847844057797215e-01
2.503912749102282786e-02
-8.079817640025084291e-01
5.310657840416879161e-01
5.814552881160534037e-02
-3.071973680031783172e-01
4.134253403896667733e-01
4.039354432559503355e-02
1.000000000000000000e+00
-1.101448898642157503e-01
-2.121969519123477477e-02
-4.186791783021052149e-01
-1.272276875273125607e-01
-8.969768000754931858e-01
1.000000000000000000e+00
-1.882003386357720964e-01
-2.813848340442700602e-01
-6.779705944934422135e-01
5.705654319093520499e-01
-4.144918694949695226e-01
2.485098887560898973e-01
1.817088593106952477e-01
5.250552254119552620e-01
9.646387792430932695e-01
7.230611504574482318e-01
6.885222177966618951e-01
5.519606216145088728e-01
1.409672149176051936e-01
6.356520515138074368e-01
-6.523000789941326705e-01
6.939885200200099913e-01
3.979866863972334468e-01
1.254939843058212046e-01
-5.866739212140292814e-01
-3.316229702658100020e-01
-9.336775473083119836e-01
-7.568872675522513305e-01
3.998364232430958731e-01
5.302497342990137863e-01
-1.444994012675904216e-01
2.213747505730439546e-01
1.723936079380233855e-01
1.000000000000000000e+00
3.659810594712046283e-01
8.474600746591139933e-01
-1.000000000000000000e+00
3.418721395111030126e-01
-5.758862241457113340e-02
3.988439142565812778e-01
3.073956669716922940e-01
-1.763958171271850506e-01
9.449085675787181060e-01
8.161055596067682272e-01
-1.458806899269874391e-01
-2.954398924173412544e-01
1.000000000000000000e+00
-6.071271236988196041e-01
-1.960069607808649361e-01
-1.919458195518627952e-01
9.755889892714373346e-01
-6.958891953416358467e-01
-3.989899081285072091e-01
1.000000000000000000e+00
-2.405499432397011916e-01
-5.875108153898707108e-01
-2.047869141352010314e-01
5.064174495890031574e-03
4.443089661040133809e-01
-8.925462392921114374e-02
1.540638583500010261e-01
4.092857109084576672e-01
-6.798967825307905555e-02
1.000000000000000000e+00
1.989110033767796659e-01
2.356681857258385304e-01
-2.598445123250094357e-01
7.739340081383176972e-01
9.819183091445879974e-01
-1.000000000000000000e+00
