4.299517296397643018e-01
-5.300092847115100980e-01
-2.080540679214822331e-01
-3.156289891488474608e-01
-3.785589452020962087e-01
-5.814852823606376786e-01
-9.697780689245363295e-01
-1.260695416119501089e-01
4.720266126365593728e-01
1.686167745449185795e-01
-1.000000000000000000e+00
-8.721945137200494136e-01
-2.835823255254565911e-01
7.635518106118316384e-01
1.670582184926711344e-01
-5.958009325391592226e-01
-2.562485456995480804e-01
9.328269731251047359e-02
-3.415149312469984433e-01
5.212621293205872419e-01
5.113512189077988879e-01
3.337353723537497818e-01
7.931232611716934056e-01
9.628521470286818262e-01
-8.966351151058825630e-01
1.000000000000000000e+00
-8.651882665167804909e-01
-6.381440100613184896e-01
-8.783110849546528209e-01
-2.122032648151275791e-01
-7.700916966451023526e-01
-5.651270573062981972e-01
-7.682698502017037967e-01
-6.688868553796865069e-01
-2.539621778187478585e-02
-7.334996295058896498e-01
1.877903963951279842e-01
7.136971662581234055e-01
-8.179344609478344380e-03
5.336839527355172752e-01
6.583386508411214200e-01
1.050150848276073801e-01
5.060101365226038483e-01
-1.220099249501921390e-02
-4.265235713095802961e-01
-2.956187737065589793e-01
-4.930206950581315084e-01
3.305625569511796424e-01
-7.914653472173009963e-01
-6.665975867938692678e-01
-3.403676701384968917e-01
-2.909401155366121428e-01
-6.397462976800559753e-01
5.937908687397873697e-01
2.012291106043828104e-01
9.677751719360558891e-01
-5.388778565946331645e-01
4.646415251425674298e-02
-8.244408683484688583e-01
-5.185747784023637258e-02
1.000000000000000000e+00
-8.288961035204192029e-01
-1.000000000000000000e+00
-9.019654416274608399e-01
-4.135220394066448368e-01
9.748380424194955096e-02
-9.259788697100947985e-01
-4.938526617323740764e-01
-5.790625741276027583e-01
1.066164050051377210e-01
1.000000000000000000e+00
-3.167322759711648228e-01
-1.408424025724238082e-01
5.455483146897198710e-01
2.255015547740913118e-01
-4.435663870435602174e-01
-6.057425290911155891e-01
6.997433583444137573e-02
-7.569786123780513076e-01
2.204115903007217159e-01
2.537163936521161789e-01
6.656279039078113469e-01
-5.659394148158384263e-01
-5.071732331881699807e-01
2.396230057084423326e-01
-9.312598273088218415e-01
9.555552300717609082e-01
-8.783581035282247984e-03
-6.183683425258895694e-02
-1.881443523398866613e-02
-6.457045734406201554e-01
9.151980042970732088e-01
-5.285322478576036653e-01
-6.306050034004806459e-03
3.326839674333578745e-01
8.827002054790198393e-01
9.247817790735177734e-01
-2.738384315196152885e-01
-8.443138823859787090e-01
2.699927762470409331e-01
-2.344041826816011254e-01
6.625134904882667986e-02
-4.048967011319315468e-01
4.879015152063977401e-01
-1.000000000000000000e+00
6.323638508801290303e-01
2.791464720796943966e-01
-9.197681335949798864e-01
-1.907742129790327701e-01
2.059349492831943351e-01
-6.537916751074568378e-01
1.000000000000000000e+00
-8.365762583307126410e-02
-1.000000000000000000e+00
3.246033215305862279e-02
5.512473198670708729e-01
-1.217024878198720295e-01
-5.851375430924551369e-01
-1.921271540869935179e-01
2.276689207784375613e-01
-5.740319599050263122e-01
5.299844221614909978e-01
9.877822008091099448e-01
-5.127944156543963461e-02
-4.560655521958055791e-01
-5.831932621402421413e-01
-8.874783486649611142e-01
3.889955608184021418e-01
-9.890556753769289555e-01
1.000000000000000000e+00
-2.002344550726570249e-01
-7.788290833110245170e-01
-7.080996221878388397e-02
-7.898900753551791887e-01
-2.422854489047251425e-01
-9.935531518149761654e-01
1.909697744392035990e-01
5.467138028665171623e-01
7.965053195390670027e-01
-7.251889980336558850e-01
-8.119688769014262730e-01
-4.326795859833007518e-02
-4.829603303917109347e-01
2.964637253018866936e-01
4.167240310714991902e-01
3.236064099859558008e-01
6.945481120619114712e-01
6.681455766440725919e-01
-8.029463128373753866e-01
9.476170966060727674e-02
4.861345487261460596e-02
-1.455899790851016007e-01
-3.884002034826982697e-01
-7.556360165024850195e-01
8.417420648452638154e-01
2.171499542809520178e-01
-2.052778803602939850e-01
2.644526020632514962e-01
-1.591345891926393974e-01
-6.029375416600677440e-01
1.720517917530358654e-01
4.436054188829899880e-01
2.044343815665204123e-01
2.574056062928293254e-01
1.871766479084059354e-01
-9.443979987288015909e-01
6.660624128746212014e-01
-3.148166538613165200e-01
-7.969002354221828011e-01
-7.251625953841704941e-01
-2.236578089291772209e-01
-1.000000000000000000e+00
2.949119453739829644e-01
6.304689642625541102e-02
5.837763697047546607e-01
-4.365113066869481528e-01
8.043850569730247591e-01
1.066147773125939446e-01
8.370668361571192984e-02
-9.821247222438128643e-01
4.561965157349138211e-01
1.390447194949705756e-01
-6.055300540526060704e-01
-1.749361879280587062e-01
-3.940138461013015792e-01
1.438983300696654033e-01
-6.051130748322189890e-01
2.207604937997975636e-01
3.369925476217087157e-01
-9.633323784310532378e-01
1.000000000000000000e+00
5.807098913709746180e-01
-8.463707049538541360e-01
8.055184250991350714e-01
-8.197768952345442228e-01
7.667140219618083785e-01
7.299735990862979973e-01
-1.273951376745016961e-01
-2.708561517719618172e-01
4.539155439111800527e-01
8.855847761092242587e-01
3.042004635882502028e-01
-5.493856487407395850e-01
6.874621461058803840e-02
-2.953192265802064287e-01
-3.164900397903329665e-01
-7.090459610655139855e-01
-5.792584385990674489e-01
-1.313398056382909518e-01
-4.567082488758064107e-01
-1.971623348788089647e-01
3.436446036445675034e-01
7.581464671086719509e-01
9.059317017574376463e-01
2.800338304178855431e-01
-1.000000000000000000e+00
3.007649650194922364e-01
-9.117912963208213428e-02
5.475190099746479744e-01
1.252133988410094600e-01
2.088716706914671151e-01
2.380302958242739297e-01
9.051980330433688771e-01
-1.017731483754155952e-01
9.687094923333440244e-01
8.444655141673171883e-01
-8.780017849692710596e-01
-6.957635091296744401e-01
1.576329600277056597e-01
-2.859556909612853692e-02
-1.000000000000000000e+00
-2.241622995625656145e-01
-4.304039097144299886e-01
5.111237872426233064e-01
3.096754808085245281e-01
-4.595434381856177142e-01
-4.886671503630196645e-01
7.907530466247907341e-01
6.244636335000744998e-01
8.281242499063249385e-01
-3.460425498302152625e-01
-1.936456652173648429e-01
6.947871557912616014e-01
-1.683655755576575208e-01
4.321947552668478632e-02
-1.000000000000000000e+00
-4.803895194782038802e-02
-1.000000000000000000e+00
9.469871923504888378e-02
-1.380504526191956571e-01
-5.334797230910142130e-01
-7.908801759546159049e-01
3.786505636969414446e-01
6.733608365632590687e-01
5.904562441125329464e-01
-9.161164577385358387e-02
-9.074292706872220116e-01
-4.093636117205917690e-01
7.357868567779523028e-01
-1.318698942904986127e-01
4.929115220746150827e-01
-7.309956002559968580e-01
-9.702933109920888199e-01
2.057466122873423953e-01
-1.000000000000000000e+00
