5.636973943194433234e-01
-2.821317922175186066e-01
-4.568358941346355451e-01
2.263617171088338001e-02
1.187276254296523448e-01
-2.147348100732771048e-01
6.108285112364547631e-01
-4.890971930640580778e-01
5.776972377744240550e-01
2.717067967831142128e-01
-1.143286054290157949e-01
5.180848498667005586e-01
4.627963302147724001e-01
8.910139197213460260e-01
-6.424787866305703421e-01
-6.724382546587802656e-01
-2.786423595584328616e-01
5.108646159999569170e-01
-1.000000000000000000e+00
-1.792848012659464807e-01
-2.997697558538993112e-01
6.511727070951609520e-01
6.307087695144729667e-01
6.839776372749284405e-01
6.293997746661751380e-01
-2.780040485723553889e-01
-1.000000000000000000e+00
9.154910315234474072e-02
1.990385521541970237e-01
6.430825115561875638e-01
-1.535159853596069490e-01
1.269180890585984711e-01
3.201625870613891145e-01
8.067714677145203517e-01
-5.849988130551547760e-01
-8.872140357537458000e-01
-8.708420525357694064e-01
-6.929376012190899270e-02
-9.699170634549171277e-01
1.000000000000000000e+00
-9.688356816065074595e-01
7.856826082530232735e-01
-4.579987839058643484e-01
-8.939638592461688349e-01
8.219345379312312794e-01
-2.224430464490495807e-01
4.355920735071249633e-02
6.774749517744396154e-01
-5.092345996463245594e-01
-6.045095313485003841e-01
-2.692739702579554154e-02
-4.891830248217328148e-01
-1.000000000000000000e+00
-3.166865633961502557e-01
-4.401820825065518861e-01
8.351591682123967741e-01
-7.974539974941075027e-01
-9.242247733091339956e-01
1.565879520526493318e-02
-3.262803991173435225e-02
1.000000000000000000e+00
2.557313904337417121e-01
-6.213367228996926617e-01
-4.994083772451378689e-01
1.542285280461050678e-01
-8.989703980609400347e-01
-5.482861076213132456e-01
-9.625766576736122238e-02
-5.593353004372478288e-02
-7.692151647851116492e-01
6.449923304441407268e-01
9.138083133029459848e-01
-8.040444841378195928e-01
5.586003759292129667e-01
-1.472760420724330555e-01
-7.284877796705377939e-01
-5.637719918131954833e-01
6.172212017285489960e-01
8.243068792832660696e-01
-3.689759677430932694e-01
-3.371980468267940512e-01
-4.989469590853164993e-01
-1.000000000000000000e+00
-4.148066445223148047e-01
1.000000000000000000e+00
7.592099734481980722e-01
5.181849713109674127e-01
2.829792049682501309e-01
-9.262878535757637088e-01
9.418925163249890486e-01
3.048844331369227056e-01
-6.196716294535158376e-01
-6.094754291720912986e-01
3.442473457614166343e-01
2.878443750188000028e-01
-8.443914704837083285e-01
-8.359301344305916093e-01
-2.748867054391022913e-02
-5.183292529867352533e-02
-5.273731425314887034e-02
6.784005580784116529e-02
1.000000000000000000e+00
-7.808541155296021552e-01
-3.844610992870443611e-01
-3.970932839547539617e-01
-1.327736583671635662e-01
-9.520411260362986461e-01
5.163608287507037709e-01
-8.483824849633226917e-01
5.975809786943434565e-01
-1.000000000000000000e+00
3.461244015164927634e-01
-3.053671611069433967e-01
-6.483554322390150393e-01
9.902480944692728659e-01
8.585924504839846927e-01
-4.260585666924004977e-01
-5.464013128506729766e-03
2.878423703673718137e-01
-2.546524833251966047e-02
-1.695433273092331605e-01
-9.903373302920257526e-01
-2.736547967925378466e-01
5.030328219741976581e-02
5.969700440703940014e-03
7.373694626208435188e-02
1.985567578449201620e-01
1.000000000000000000e+00
-6.482457268738250900e-03
-8.272573164459516848e-01
4.415968461134532341e-01
-5.883571754517934183e-02
-4.188909279520550699e-01
1.000000000000000000e+00
-9.481399235487619759e-02
1.582297195085041741e-02
9.003055073855757984e-01
1.045379000874512160e-01
4.326805565302521139e-01
-3.846647818738245239e-01
-1.329491368422855146e-01
-7.100770380318760511e-01
6.167405105099584839e-01
2.009755679951736040e-01
-5.652779224824335813e-01
-1.000000000000000000e+00
-1.000000000000000000e+00
-7.847372964668600792e-01
-5.572021937309017403e-01
-4.538502685917665813e-01
4.472171880934885380e-01
-1.226837731896564532e-01
1.000000000000000000e+00
-5.380957892605395809e-01
4.759332871342922266e-01
-3.499945521069684484e-01
3.529846820983251754e-01
5.231765422027351287e-01
-8.546403327574003672e-01
-7.511565182632745641e-01
-5.144736218662973037e-01
-6.126145201788151251e-01
-9.838627014358987122e-01
-2.170368283991471470e-01
1.658209297242660418e-01
4.994631826141187614e-01
-7.189184568767453820e-01
5.121547271966885306e-01
-5.337720810034108920e-01
-1.354670346647882107e-01
3.632817122195267645e-01
1.000000000000000000e+00
-7.969530465158658483e-01
-9.129259398736916387e-01
-6.851921497694782870e-01
-4.207372851493743071e-01
4.604734762067403397e-01
-8.556754190525392989e-01
3.104851487410335009e-01
7.825109447176088473e-01
4.407236636799957141e-01
-8.491642285487273067e-01
-5.362777818184211176e-01
-8.659331403985248699e-01
5.766170217300707890e-01
7.741244246642986493e-02
-1.000000000000000000e+00
9.995403270687669428e-01
-2.308397030001496375e-01
-4.755615103160619195e-01
-4.350820194611833003e-01
5.388158067468145074e-01
-2.522168459532719287e-01
-1.574583955797840829e-01
-1.843364144644728531e-01
9.403442481007287523e-02
-2.982141212899323823e-03
8.403487811748782121e-01
-4.439550642707791317e-01
2.459834639709651272e-01
-6.050721186225646031e-01
-5.316528471055198546e-02
-7.276007659464770461e-01
2.439412042939218539e-01
7.596259198773951393e-01
-5.588704325319991950e-01
7.296887102854866802e-02
5.343452069429817097e-01
1.884667666202241021e-01
-6.420133394536050586e-01
-6.088577656477115463e-01
-6.828677288253945932e-01
-4.162186403459271489e-01
9.374957777367122214e-01
-3.694308379985644653e-01
3.149957686375812749e-01
-4.657270051531083033e-02
-6.198684493143712393e-01
2.991147224873897947e-01
-5.751446051436494011e-01
-3.042403970682253656e-01
1.853543826143314588e-01
-9.511483870547955410e-01
-9.039412563788370991e-02
-6.808466073674844798e-01
-5.994522716807160201e-02
-7.748857707974298181e-01
7.419574691378508779e-01
6.911248425542633189e-01
-4.199787522229014858e-01
8.359230583134941162e-01
-8.259914523932867514e-01
-8.327764885106286874e-01
1.782442168931753779e-01
-3.147548816522380971e-02
-7.194829552479907742e-01
9.886668931572932806e-01
-8.217005753064811069e-01
1.000000000000000000e+00
1.385188406110369752e-01
-7.012156023562216012e-01
-2.411050233021808931e-01
-6.685555092727475390e-01
5.703194962970435933e-01
8.729031991504373478e-01
7.165625889585166552e-01
-5.397587193055517485e-01
4.378351172207805564e-01
-2.649508382370937554e-01
-6.034465514479880888e-01
9.762782196891250930e-01
5.845323039331982162e-01
-7.887960907720958925e-01
-1.476392320416307913e-01
8.688275153224414571e-02
1.886171852189921228e-01
-7.007950058167193852e-01
7.675844173092277734e-01
-4.250517360164307590e-01
-4.014605659461719656e-01
-6.815426064348444335e-01
-1.954968654278343987e-02
-4.767438321288577918e-02
7.911239420658583432e-01
9.239607771310366369e-01
