-1.849345057432889017e-01
-2.805218110085174188e-01
-1.000000000000000000e+00
-9.202851599929340320e-01
1.889629742139908863e-01
8.076775164836879073e-01
7.025096362006789663e-01
-7.847390419521732552e-01
8.839765987650107792e-01
-2.560517478817708747e-02
-5.936226104977680995e-01
6.013536728724794972e-02
6.387080013185254534e-01
5.806982798065325468e-01
-6.345063490365969727e-01
6.509912125188431764e-01
7.452197589568834712e-02
-9.377054402523945509e-01
-6.435761067551128145e-02
-1.000000000000000000e+00
-3.230909803196824748e-01
8.851160054167840352e-01
-9.086727261424785151e-01
-1.191419799119187578e-01
-1.037263931902698416e-01
-7.173019680458291303e-01
5.589702299112428441e-02
-4.628721470867132037e-01
-7.898839587502451964e-01
-4.885214386490179805e-01
-1.941316940062328966e-01
4.498934061663545370e-02
6.097418991685765732e-01
-2.775878907208338964e-01
-4.524596556562958116e-01
-8.479606397789454242e-01
-3.857714346815807605e-01
-2.262435955919683273e-01
1.000000000000000000e+00
4.022401053615320410e-01
2.295699777209138093e-01
-3.055070527331509300e-01
-2.100821419873292739e-01
-7.120480761661822644e-01
1.214852502245613586e-01
-9.020450759301759103e-01
-4.847893421107123957e-01
-1.480186604842510245e-01
2.671033245020977276e-01
-1.000000000000000000e+00
-6.215739288425374820e-01
-2.429639885925775206e-02
-2.491986426944189370e-01
2.751747882403301482e-01
4.378624791526219973e-01
2.604360622568974160e-01
3.025581052468771515e-01
-7.424662392912255715e-01
-2.657574312636688807e-02
4.087719312335961752e-01
-4.005137054942082830e-01
6.576058833130385972e-01
1.000000000000000000e+00
-1.809733244041483724e-01
-6.902356303669678894e-01
-4.825561006878807402e-01
-2.384871966659523612e-01
-7.410344466660716556e-01
6.471414974094796824e-01
8.365356796111329540e-01
4.867025533592240216e-01
4.655467759957110374e-01
1.368704869812679970e-01
-8.659736630268479729e-01
-5.391780887747232853e-01
5.723943402521998181e-01
1.914616733416890371e-01
-7.054119424687944895e-02
3.535114289598835779e-01
-9.189970607398542102e-01
7.636442210262501806e-01
4.532359300861342755e-01
8.783936289023002164e-01
-1.000000000000000000e+00
-2.196023631464907866e-01
-8.643431833331880476e-01
-8.487559812182614571e-01
-2.769804940960208239e-01
9.241757191854275133e-01
-5.934907010618332146e-01
-3.097265241447002548e-01
-2.501831633291873302e-01
-8.424865121825957370e-01
9.641726766056791798e-01
-4.439354461407221120e-01
9.841637718099726095e-01
-5.383945302233707209e-02
2.925070645383695545e-01
1.137414829969473073e-01
-9.200861202547259976e-02
1.000000000000000000e+00
1.211578006403808971e-01
-1.000000000000000000e+00
-6.205960200722138165e-01
9.461018473302306164e-01
4.941889313332052946e-01
-1.226806307152712855e-01
-4.436538536048674763e-01
3.110748227240052177e-01
6.269121982802072779e-01
-4.263157580696313453e-01
-5.604069939478494716e-02
-8.847794626605817170e-01
-1.000000000000000000e+00
-3.471615215962578493e-01
-1.000000000000000000e+00
6.852903333345649051e-01
2.255998821840403679e-01
-4.582157983525468881e-01
2.486878340437707544e-02
-3.328369988970736881e-01
1.022166138973740201e-01
-9.747327902612342720e-01
-1.048781751029887466e-01
1.000000000000000000e+00
-3.183294003774623793e-01
8.067713197697484739e-02
-8.406470624358475252e-01
-6.382795764140626327e-01
2.403624812266484112e-01
-4.986399126866801756e-01
-5.808531637453595575e-01
-1.229724664319915561e-01
-6.927479138145558046e-01
-6.429125446946463152e-01
-6.995981806171494011e-01
-3.803373815452035789e-01
-1.000000000000000000e+00
9.285313558099286269e-01
5.091560895798860065e-01
5.471881885295930559e-01
-3.903208089864219632e-01
1.019856993682840933e-02
6.760533359136968734e-01
-2.737828774212980321e-01
-8.023760753214034258e-01
-1.616509306310793259e-01
-5.470977157485437115e-01
9.703403274226796160e-01
6.558999019468287894e-01
8.265844082315371155e-01
7.575850592233210890e-01
-7.468375738179140466e-01
8.879221435967137310e-01
-3.302355074317460115e-01
3.555383762484849997e-01
5.647090820601322614e-01
-3.083578568870588565e-01
7.421610302392499525e-01
2.916855522912426557e-01
5.267262973728009667e-02
-4.553855299693178038e-01
1.259041141652149087e-01
-7.386829003463132315e-01
6.907401665099822674e-01
-8.462272965506315581e-01
1.020108365568394015e-01
-7.854668281852255074e-01
3.786050413394224656e-01
-4.788965959977808939e-02
-5.057683754395476683e-01
-2.709476402352045676e-01
1.183831415224361194e-01
-2.691040585030102794e-01
7.547676180598643647e-01
7.879272270960377966e-01
-4.974798319252622392e-01
9.845495251422579919e-02
-1.721581358125081618e-01
5.874431677228204585e-01
-1.000000000000000000e+00
-1.337142798463887561e-01
7.554836930005276452e-01
-1.722369423872427696e-01
-4.806969958272365728e-01
-9.844826765113176004e-01
-5.760331010907890903e-01
-8.575700862296652405e-01
1.197649347801354319e-02
8.636027997439099657e-01
5.669103850278176537e-01
4.449612979898210918e-01
1.586827542869578833e-01
-1.476235513619888334e-02
9.057818463661027053e-01
6.035200077009356123e-01
-3.123486187750647014e-01
-4.152674734262518097e-01
4.820054536545674839e-01
9.771404108280496992e-01
-7.321194131739605648e-01
5.365613325506103370e-01
-9.764635774403255253e-01
-8.772547079685748261e-02
-3.983829864719063973e-01
1.398612668884543497e-01
-8.047050672540143612e-01
-2.517447050523712315e-01
4.766079709108327900e-01
1.000000000000000000e+00
5.812604071026694630e-01
-9.121622969029061778e-01
-5.778339488835110282e-01
8.659754923750835331e-01
-4.262636922583562527e-01
-1.000000000000000000e+00
1.612418598676043091e-01
-9.052763698153820648e-01
7.707683357841997873e-01
1.201142702883454538e-01
-2.358842394507670304e-01
9.786331849973325392e-01
5.137153623953814030e-01
6.793580065449877914e-01
5.342663582263936783e-01
3.986247454695489578e-01
-2.056891325449478614e-01
-9.104121818491464069e-01
1.282792705194147898e-01
2.423023039363860209e-01
7.821954874643030076e-01
-5.431648524880303697e-01
-5.958671504045921496e-01
2.507296699427593589e-01
-8.322193151071712869e-01
-3.330760630000481615e-01
-4.245343414698519169e-01
7.298381534558201489e-01
4.633864509373851193e-01
7.964216624739123285e-01
6.124635771577972010e-01
-1.311676877915579909e-01
9.093728135100362930e-01
-4.261841178767832305e-01
3.778892331897001355e-01
-1.908510613323438909e-01
-1.000000000000000000e+00
-9.108892096259414428e-01
-2.253021619098483919e-01
1.000000000000000000e+00
-4.158858333030006627e-01
-2.839221678309882813e-01
-1.000000000000000000e+00
2.157546045799125789e-01
6.397690002221417815e-01
3.045314950331978743e-01
1.492664672326727282e-01
-2.770687157216806806e-01
3.506854908917744762e-01
-6.357235344691510026e-02
-7.078373509790004681e-01
9.593723969256668926e-01
-8.980907724928769431e-01
3.305343981580454171e-01
9.125187739933124931e-01
