6.996611356730106923e-01
2.044812695378583900e-02
2.411625010876621289e-01
3.544925560799253583e-01
4.955198448432557301e-01
6.398261875908981544e-01
-1.642947762919569621e-01
7.849489670810678721e-01
9.174023706775820131e-01
-3.729946443091725627e-01
-8.593640914036795309e-01
8.955598426922051214e-01
-2.183524044741095294e-01
-6.547258628180895323e-01
3.898904937059796683e-01
7.485396929254238829e-01
1.000000000000000000e+00
-7.364405761221992641e-02
3.194865922722999185e-01
-9.321839982804246416e-01
1.967946544904578821e-01
6.905968300483215083e-01
-5.973686475906404558e-01
4.435976013802858664e-01
-1.000000000000000000e+00
8.055284379664855443e-01
-9.642275689892926271e-01
3.273382521201519957e-01
9.065958177535168305e-01
4.565377254946235697e-01
-4.798787948713774676e-01
-4.134647194360496769e-01
-8.003382293641760903e-01
-8.830830298330647476e-01
3.267251711396991776e-01
4.404443192297635146e-01
-1.638237958030649699e-01
1.933242117886704303e-01
3.324431497240459832e-01
3.310349343005075662e-01
-5.737408659159327906e-02
-4.575660322005898895e-01
9.896723877216063725e-01
9.297466127582898476e-02
-3.712209575814536811e-01
3.493704268471947705e-01
-7.588782766918604761e-01
4.215624923096572552e-01
-2.271559550797361271e-01
6.672030556333374829e-01
1.000000000000000000e+00
1.000000000000000000e+00
-7.981911909743474309e-01
-2.500674446629842507e-01
1.000000000000000000e+00
4.645271631790792166e-01
-2.965218721665504042e-01
-3.643816065431104700e-02
1.000000000000000000e+00
-6.494230108465235407e-01
-5.692625214251810783e-01
-6.391404486275355235e-02
-8.914766963641354014e-01
7.599585577823874116e-01
4.130006604195278763e-01
-9.829146582314026714e-01
4.507754660470584263e-01
-5.237925624581464268e-01
4.894040603350628404e-01
8.717810812211903571e-01
8.748303267193625610e-01
-8.404852491084180421e-01
-1.427866216656430431e-01
6.334138951771497439e-01
-5.357141551164210647e-01
-3.510375343703403539e-01
-1.780748900751802644e-01
-2.323722914013820473e-01
-8.168363015854112064e-01
-1.000000000000000000e+00
-1.280890427125713493e-01
-5.150433632442511511e-01
-6.880649420127064042e-01
-6.895832216639259382e-01
9.930649757023134461e-01
2.857074974158524960e-01
-8.480214428967661755e-01
2.390035121664293716e-01
8.048733346641742115e-01
-2.736666622368181812e-01
-7.068486550159747139e-01
-4.323124169408197326e-01
-7.994444514633488597e-01
2.455926466870809455e-01
5.246879113052957400e-02
9.739262292816946998e-01
-7.133770310289430094e-01
-2.749056389208319184e-01
6.789762504274146071e-01
-8.253667705781742026e-01
-3.957409748409946304e-01
-6.534516028239027996e-01
3.035042687022450059e-01
-4.851249919599620597e-01
-9.107587248144890513e-01
4.968487303579476044e-02
-8.864347680177647737e-02
-4.920042424931626579e-01
-7.404740198179233790e-01
9.814206919400907392e-01
4.632028001698502151e-01
-3.382055442341362350e-01
-6.720449866350346468e-01
-8.232446885166269102e-01
-5.692264478070299116e-01
1.389443154125086510e-01
-5.042025827035465646e-01
9.393500887508177133e-01
-2.726006891930862763e-01
1.001792722495288279e-01
-8.435961945131990047e-01
-7.099540127243272880e-03
2.229903894384755170e-01
-8.856451599836439037e-01
7.657354190048788478e-01
-8.240220337639694304e-01
-7.576498313832560338e-01
8.787878621977366356e-01
2.645802242836814422e-01
6.055271202807093189e-01
-4.442479833837684744e-01
7.409474700581519802e-02
6.430184715130798923e-02
-9.269592781847364460e-01
-8.030567585020862431e-01
4.055178271630935360e-01
-4.976157773922663674e-01
-4.828975882906504924e-01
-6.074709044339411668e-02
-8.354524392743234440e-01
1.591832805057635802e-01
1.943603015021297953e-01
1.000000000000000000e+00
-8.573453921372193864e-01
-1.766959123722045555e-01
-4.624303073171224243e-01
7.465181310712325491e-01
-2.470011354450322716e-01
8.203023906741548910e-01
1.489368304649228425e-01
4.303556499531943080e-01
3.845702539320639546e-01
-7.818202576371831025e-01
5.440915311904920282e-01
8.568991689837385239e-01
-1.000000000000000000e+00
-6.667373795868478670e-01
2.967778379834350999e-01
-1.904625795183287340e-03
-6.844862966530879111e-01
6.887279433551241059e-01
-7.420315073057064392e-01
6.833031672109868282e-01
4.915281584656001623e-01
1.951942295865670696e-01
5.169248915964969049e-01
-5.527730034954191352e-01
-6.977278966105715519e-01
-3.248594361854031942e-01
2.788211150747647027e-01
3.151436851833909758e-01
-9.035460912548225199e-02
2.592187094766026378e-01
-4.033399755167725309e-01
-1.827700352717747945e-01
2.305345913065180163e-01
8.432812899699291265e-01
7.096056378148496435e-01
2.030379677300082897e-01
5.424672327810324823e-01
3.149128537016363527e-01
8.153755297977616223e-02
-1.575613383778211030e-01
-3.064247798484615593e-01
-1.557313016556749752e-01
-5.304646147346810947e-01
-2.629904698571325916e-01
-4.775065258533577883e-01
-9.654873282029144965e-01
-2.214322831647576040e-01
-8.490929982246400720e-02
-2.652610048090617290e-02
-9.143669381026342524e-01
-2.154330138350860624e-01
-9.307842794029003164e-01
-6.399976158375293434e-01
-3.299066771898784278e-01
9.538307254169718918e-01
7.572505759168123296e-01
5.240001211171874118e-01
1.540385539075835863e-01
5.042953133381602449e-01
-2.428371317552958097e-01
-2.267016994080902625e-01
7.379316788623224710e-01
-9.965485627066715812e-01
3.809875269076483661e-01
-6.968120410170760559e-01
-2.919408268786559749e-02
-1.000000000000000000e+00
1.000000000000000000e+00
4.277029158677386755e-01
-9.838268288894750357e-01
9.001172323839203848e-01
5.677762226651112965e-01
-7.737475978957479850e-01
-5.442622104449204024e-01
-5.366459183834511038e-01
-1.258802434499206244e-02
-8.209555074026916310e-01
-2.379757880737913833e-01
-6.970603642092273455e-01
-1.245468281656725573e-01
5.043217137002610206e-01
4.862561744784476003e-01
2.058305417903650292e-01
-6.055790441669413049e-01
1.234454187491267479e-01
9.601431014861248059e-01
-1.000000000000000000e+00
-3.132279762094641318e-01
-1.000000000000000000e+00
4.597208219365312987e-01
3.257888713904034117e-01
1.375176274376390673e-01
-5.782215132430568172e-01
-2.622335065376252827e-01
-1.000000000000000000e+00
7.125455530220712319e-01
3.393026848909350690e-01
7.506151515849324163e-01
-7.616840148737350491e-01
7.048259797426800755e-02
1.000000000000000000e+00
9.741651017240776644e-01
7.753557778121068500e-01
-1.000000000000000000e+00
7.327932331217228423e-01
7.091446283034552600e-01
5.193062556997303236e-01
-2.735001159848182706e-01
7.181368548707659505e-01
1.446736740919973840e-01
1.861274802211337898e-01
-3.411530933418482348e-01
-5.476079489992573546e-01
8.522307433411094868e-01
2.385293228791169340e-01
-3.240072445498097808e-01
-6.834709861202531433e-01
-5.465185042134577120e-01
-4.175235341919423249e-01
-7.710556733288267406e-01
-8.044865960425248153e-01
-9.573017657638316358e-02
