-6.023618136975893433e-01
8.726730663415611655e-01
-2.330580616077919665e-01
-4.554852371667459376e-01
7.838274749092470906e-01
-8.666233635208926422e-01
-6.055500406753124842e-01
-7.119728569683124730e-01
-3.539491956991225319e-01
-4.280387925763928791e-02
-4.336997607284128753e-01
-4.598502532209021165e-01
-8.306949711877273379e-02
-1.489139313832793243e-01
-7.412498909046494333e-03
-3.110392433107349031e-01
8.330437996389671307e-01
-7.822058765272875691e-01
6.304103145866942759e-01
9.781239922370668083e-01
4.874064542228062624e-01
-6.122963319393350812e-01
2.191892518216488339e-01
-1.767585863607176733e-01
-5.682100780090776349e-01
-1.940860836509004095e-01
-1.631942515352036160e-01
-6.166202166990306655e-01
8.777387516014526492e-01
-8.738106600972833649e-01
-2.650731613130188347e-01
-5.364787749054656940e-01
-4.927928118958500026e-01
-8.339159470057065926e-01
-4.616623696795436882e-02
-2.470735934495496000e-01
-5.988738845187422388e-01
7.614486927364769731e-01
-8.226751215197180001e-01
-7.634771488244695981e-01
-8.132141842889692995e-01
-5.412846527880706970e-01
5.438515095869425053e-01
-1.941004895396885865e-01
-2.378197738553669560e-01
2.402294394673452071e-01
9.389618547887822464e-01
-8.312389628408102249e-01
1.000000000000000000e+00
9.130403878079575986e-01
-5.061227919080010795e-02
1.598078511032724469e-01
-1.495083396660512598e-02
-6.147241634400525401e-01
-4.657647794929555829e-01
6.557576507160767232e-02
7.424030446794909199e-01
-7.897075734988807660e-01
-5.257133141841983104e-01
-4.555846046779722935e-01
-2.738413227233791325e-01
-5.439514921942737447e-01
5.964125522978709348e-01
5.089895791151868853e-02
-9.215779646314263829e-01
6.801014052843737945e-01
3.275015043952231863e-01
-4.036938892460441575e-01
-7.918813985293209345e-01
-6.377314811605543365e-01
-8.952745050091914791e-01
-6.879947024417873980e-01
1.344444177766150883e-01
6.363353468748194075e-01
6.619035087771280024e-01
-1.916866915475330668e-02
8.201867367687160071e-01
5.470316997062774078e-02
-5.647880950633199504e-01
-5.053638184876814154e-01
-2.785715392293005091e-02
-1.360275741062331178e-01
8.315927046852591431e-01
-3.933243727546625879e-01
1.958998816177280333e-01
4.337529185029549428e-01
9.908578883110477076e-01
-1.056610764471810349e-02
-4.724496023673609990e-01
9.505770845125007806e-01
-7.376365178625128305e-01
8.604227706226288408e-01
8.821135873924366155e-01
-9.238522871085473598e-02
-4.357584818403668070e-01
6.757486814552974286e-01
8.966634690538656249e-01
-1.769317526521752004e-01
-3.152981880909421220e-01
9.450284534973005801e-01
-8.854172448391550709e-02
6.795102512776538539e-01
8.367417998651032196e-01
7.854848215708482018e-01
7.955954986020137287e-01
1.102351793493141496e-01
8.318714194863827682e-01
-4.238192898342748594e-01
1.429691082752581124e-02
8.008260155499170585e-01
-5.530708050077043358e-01
-6.940264165469882673e-01
-9.118396532395001142e-01
8.008241681854866290e-01
-6.950953463236353436e-02
-5.717744601041342412e-01
-9.689097009754390477e-01
-9.078120879738262872e-01
-6.732943126424497660e-01
4.419313944778185954e-01
6.856167170285412116e-01
-2.462381096346315523e-01
7.741866957106076086e-01
-4.716351614905023304e-01
3.273608434311746640e-01
-4.005280028845755735e-01
-5.495384043344857528e-01
8.943573320915727543e-01
6.923816133764912339e-02
-1.128644294788052616e-01
-4.742150862672112055e-02
-7.845498817446218132e-01
-9.913808612504670936e-02
6.257536819632527614e-01
-2.742145475388253484e-01
-8.089744839389334530e-01
3.970909053386589838e-01
-5.231575963220939096e-01
8.248943991477850068e-02
-8.111572679428746824e-01
7.166083593345240477e-01
2.872267592694410787e-01
-8.419440405374593039e-01
-8.472359661275654652e-01
-5.721067121120074761e-01
-3.661356608011881453e-01
-6.452180245977814366e-01
7.524043575717566101e-01
4.835851385501214184e-01
8.663498360677208687e-01
1.993569407820774270e-03
-2.510913642564238657e-02
4.719562522961775475e-01
7.604231511422999967e-02
-3.013216816654631924e-01
-9.413127779062553380e-01
1.420180875072489524e-02
-1.000000000000000000e+00
1.230088583013086989e-01
-7.194382312922580347e-01
-8.466487724035822726e-01
4.650169534514206893e-01
-3.703371748267697550e-01
-9.503255871537409361e-01
9.769055946852990280e-01
-3.635430670963197275e-01
8.347094109073749379e-02
-4.128183237711662290e-01
-9.820256598916712321e-01
-8.720147851024151464e-01
6.465532846824609825e-01
-5.157185299494020381e-01
6.085842780449014500e-01
-3.973994496338940086e-01
-4.249109829683169748e-01
4.547353061721350898e-01
-8.397638914229135221e-01
6.122726326005075714e-01
-3.560123423734846693e-01
-7.936561814500322498e-01
-7.900770397576020176e-01
4.271384991441557477e-01
-7.264438626505373975e-01
8.960333161271432090e-01
-7.438207285238129796e-01
1.840837570239974852e-01
-9.774470842278970562e-02
8.682067677747307144e-01
9.891341246637189721e-01
-5.315612874495942997e-01
-8.147950180484363480e-01
1.678137600731001433e-02
3.484342659452192847e-02
5.081431083507750301e-01
-2.607618941327849993e-01
6.699625217087068485e-01
1.475907405987211263e-01
1.716727044597994856e-01
-4.668904491605310181e-01
-1.504162220319822385e-01
4.554870226529748045e-01
-1.000000000000000000e+00
5.258451625371999283e-01
-4.608815769761715475e-01
7.030692909359985698e-01
3.054392131972296642e-01
1.000000000000000000e+00
9.953527836342324076e-01
-4.645011171450615928e-01
-4.871080424891538474e-02
4.343315340007804226e-02
5.547960113650154401e-01
8.906343224741326559e-01
9.553039985632205688e-01
-7.653644644848027756e-01
-3.964016453617849045e-01
-8.074151383939293103e-02
9.049176602911488398e-01
6.074607886443852411e-01
9.736513258372510027e-01
-3.939627176684412646e-02
1.495572447510009340e-01
-9.857101814185620370e-01
4.463652965867944133e-01
7.298238057876265117e-01
-2.055577004856576351e-02
9.451424217472210731e-01
-3.939998977542990555e-01
2.903898511941779281e-01
7.810319089570361140e-04
4.921822731868024658e-01
1.037135643704168164e-01
-1.135996724186407736e-01
-2.883924367506734976e-01
3.088512819265456510e-01
5.362054176893886748e-01
3.112184110223497058e-01
9.702742344136275343e-02
1.000000000000000000e+00
9.385789275645561869e-01
-3.834965358845775496e-01
-1.988812719774097904e-01
-4.048638293468137528e-01
8.989830005030305937e-01
-8.239636617336308921e-01
-5.512064491807633360e-01
-8.059155283875472087e-01
8.750982932251083479e-01
-3.415006295539384507e-01
4.345195713252869574e-02
-6.439270276067776688e-01
-1.116376992956900349e-01
1.136273952403816789e-01
7.865646525209160078e-01
4.256279175557502459e-01
-8.719200939583020282e-02
1.843304489003866897e-01
1.076283317410788865e-01
-5.209133876339389069e-01
-1.617392399606735753e-01
4.580412702111793521e-01
-4.967330312659883340e-01
2.837672258708772155e-01
6.433174999576252162e-01
-5.619460153706263839e-01
