-3.572287350691070174e-01
-6.213194978714458444e-02
-6.555252584672248695e-01
3.646984927330065851e-01
3.191352930828776358e-01
-1.475802920706615895e-01
-8.749872821625375163e-01
6.610238033986544082e-01
6.046610988253195984e-01
3.397337398643284212e-01
4.511787373947844237e-01
-1.086321540975128119e-01
-7.160595463684025219e-01
8.357543591687707218e-01
2.201373743370087788e-01
3.051476127498620183e-01
2.686214984081629342e-02
2.652216800393725205e-01
-1.076822272218018878e-01
-9.181930717381108220e-01
9.977996884307771541e-01
7.958323490072698458e-01
1.117082999423679029e-01
4.420440935311166775e-01
5.469861400619537850e-01
-5.903034014330164059e-01
-8.011166666537132830e-01
-2.980207869909363705e-01
7.830189506598560500e-01
3.604424444463891763e-01
-4.775269436213935847e-02
4.395490232778713757e-01
-5.228836151462967763e-04
7.879189064206146842e-01
-2.721679202521949392e-01
-3.041833973573659922e-01
-6.430233751116786189e-01
7.590455175292509793e-01
1.239430059725992184e-01
-1.953457245597835512e-01
5.823472421562230217e-01
2.729370887211652330e-01
8.069714721770711030e-01
-7.644136766886792111e-01
-3.090621735701643558e-01
3.581512700852573783e-01
-9.748793320592440415e-01
-1.201767266916418109e-01
3.385714298437454972e-01
-3.962300987771839589e-01
9.074513967141994986e-01
-2.382505685756046709e-01
7.001668851187199394e-01
4.648724821567326027e-01
-4.646127275478462160e-01
-8.619231983082615844e-01
7.842904934400755090e-01
-3.224877709403896620e-01
6.942432744587108406e-02
-3.762646628906250457e-01
8.578200068842284365e-02
5.329183276529494417e-01
-5.526254114265716222e-01
-5.268970261062380089e-01
5.081756746573244943e-01
5.715418786953898600e-01
-2.664017460710657592e-01
1.734893472588966423e-02
-2.164329906597527442e-01
-2.933401395582801996e-01
-9.387637916496822665e-01
-6.483792831586818739e-01
-7.483831547240715754e-01
4.784041388271903505e-01
7.582601468753301655e-01
-7.954309057663473403e-01
4.092245731827361954e-01
8.534719488470651760e-02
-7.350658860006421547e-01
-1.093000197685436437e-01
-1.094909104715264259e-01
-1.690148777596507668e-01
-8.897497101306448553e-01
-2.885876762712968890e-02
-2.019014771493592431e-01
-4.535908913530835029e-01
-9.835219154242610395e-01
-4.808827292939689690e-01
9.657592095567488766e-01
2.721009339776593317e-01
-9.467798979144601557e-01
-1.000000000000000000e+00
6.050587876467539150e-02
-3.274787995907375571e-01
-3.744690230233788664e-01
6.018980032071572506e-01
-1.423307890391157793e-01
9.047050151589330902e-01
9.129019255550538947e-01
-4.036153935470571663e-01
3.083466781306010152e-01
2.080619807224914908e-01
9.125709719450451063e-01
1.000000000000000000e+00
9.725025292013365075e-01
-4.517640873343747865e-01
6.319312426287881923e-01
1.089591670142603386e-01
-7.466228965191705758e-01
-8.608476923642415235e-01
6.445948747230372256e-01
8.221064221173457476e-02
-4.763139089114513669e-01
-2.761575223361441012e-01
2.535903847692795865e-01
2.830367830695399434e-01
-5.538330154970916297e-01
7.184494035492825503e-01
3.430780002782620741e-01
-1.269390474906869071e-01
-2.989813494845279251e-01
-9.630156825851010627e-01
3.107351848143884432e-01
-9.920222015396362725e-01
9.594670107556571015e-01
-7.445343385543239378e-01
-7.959470471678139480e-01
5.469183040676273144e-01
7.683629297108526268e-01
-9.014006086877845991e-01
-3.033616979409474723e-01
-5.385681272172821998e-01
2.104288394232252113e-01
-8.471767111498151870e-01
-3.604291153617136256e-01
-7.726009959854174269e-01
4.047302072700720288e-02
-2.466463105803606837e-01
3.448024397724767098e-01
-6.113159917953292499e-02
-5.152736098445851454e-01
4.326944853667573643e-01
5.590246499529822888e-01
-1.691338479003180462e-01
-2.335970317164877685e-01
-8.026188988964346738e-01
-6.180684928973365633e-01
3.715252599119049925e-01
-4.505345050340539004e-01
-3.447965561867631923e-01
-5.704399989445040342e-01
4.179128593268697789e-01
8.749334910462689407e-01
-1.637964567766261592e-01
4.111507043333820777e-01
-1.560979240337494467e-01
1.222700319884062886e-01
-8.222835527036009839e-01
7.598542601236590865e-01
6.477464220597624056e-01
-3.748802636737289529e-01
7.911438185242328225e-02
8.444908328776636885e-01
6.322298715232155253e-01
-2.190773627400617318e-01
-8.490501068799038986e-01
-5.630479042252688471e-01
-8.719493054493832052e-01
-3.450704898835896817e-01
-5.674675388070309356e-01
4.939395496112921058e-01
3.684289329885671593e-01
-8.314877799048864260e-01
9.156110571365078110e-02
2.915833504800418030e-01
-6.502175764081579157e-01
7.299760714937699735e-01
1.879754098912700400e-02
-9.965970982315370819e-01
7.266792410003545255e-01
5.100863032212941128e-01
-7.538809774741209169e-02
-7.653146009782751946e-02
5.432210188563081354e-01
6.080719714684554855e-01
-1.887128638505948253e-01
-2.683452819329749106e-01
-7.386778325307230553e-02
2.359269363009814935e-01
-9.202849050481207716e-01
-7.370307356284766520e-01
-8.286298403242626787e-01
-9.170417109176477455e-01
1.000000000000000000e+00
5.121991685365716584e-01
8.191291142054988317e-01
-2.141924656233360480e-01
-9.051882916497442366e-01
-9.880734343748960313e-01
6.342681648156437424e-01
-5.587679947135155700e-01
-2.513142738665674614e-02
-4.751522831200596375e-01
-8.038846038131994831e-01
-7.910279925545368185e-01
-9.341431421680459479e-01
-1.779267297586299978e-01
-8.788354763072255826e-01
-8.181688940175650959e-01
5.837489976078727993e-01
-5.491086002430786150e-01
-3.759901708735954862e-03
5.709953072163448384e-01
8.625604717626443874e-01
7.896912700392205720e-01
-8.478227896010617770e-02
6.548710563577566646e-01
-3.070307159877981862e-01
6.596869306127359778e-01
2.849359158831226146e-01
-3.877933172734435718e-01
-8.188283821153643505e-01
1.684015782350796187e-01
-1.268015855114231760e-01
-8.029067691040530086e-01
7.624934392222201818e-02
6.425967979241213879e-01
-4.956516799447401311e-01
-3.976370904530580619e-01
9.744905278413620864e-02
-3.672292345767724231e-01
-3.354078177706421027e-01
1.060960276280440429e-01
2.555115286778737449e-01
2.179027290866601962e-01
4.674205065829730721e-01
-1.743851767428322153e-01
6.742565710598180662e-01
-4.396029256290767129e-01
-5.235919878060191213e-01
9.072395184555026582e-01
-5.404519010775792331e-01
-4.312534857964365198e-01
-1.933016782937282962e-01
-9.044707686025108551e-01
-4.663794547011594349e-01
8.387494840303941213e-02
5.975066161037920764e-01
3.322518084353431322e-01
-1.136076277560705838e-01
-1.742642402318314576e-01
-2.111432522612423368e-01
-4.988045607472213483e-01
-1.144422182589346360e-01
-3.158291583945561087e-01
-6.768668002038047415e-01
1.163399434421024115e-01
-5.831147577449540265e-01
5.971484405776388282e-01
-3.675674623025819709e-01
2.668859966802612504e-01
-9.975099448725567308e-01
-1.036903068106482806e-01
-7.607695036939858824e-01
-9.041020776048810381e-01
