2.964762103683091787e-01
8.435740660919412992e-01
-1.993488058783901007e-01
-6.488239084985809590e-01
8.023374483615304253e-01
4.187320467355903908e-01
4.244564136160708934e-01
-3.289338585820447136e-01
-9.986173197170143956e-01
-9.741485525360398245e-01
9.143910484424552232e-01
1.528437474212404612e-01
-5.220668884712691415e-01
1.674131911345504431e-01
3.682497530638719763e-01
7.054888471863941524e-01
-7.010642908078181801e-01
5.904953404464519107e-01
-9.778744023004362074e-01
-2.459221124777789536e-01
6.704098757694449962e-01
2.419652763067319523e-01
-1.501060413238416991e-01
-7.389435871634829622e-01
4.814832632051854189e-01
-6.020951370679858972e-01
5.405310814945794018e-01
5.514681146225299813e-01
1.511773468585548563e-01
-5.380627015306359562e-01
-7.249079498654268372e-01
7.581085631274817604e-01
-6.945455991895777004e-01
-9.908360339244423054e-01
5.650271269416541342e-01
-7.008752178526301835e-01
-6.834003725027024134e-02
-4.788437932735312152e-01
-1.081497103731340059e-01
1.056062115359220482e-01
-5.472889295981135938e-01
5.794803657200924274e-01
-5.705812801343380647e-01
5.078592655499097885e-01
8.599934880206776544e-01
-4.459626034255714799e-01
4.831740186675771431e-01
4.614139583704979786e-01
-3.614291950502340200e-01
-3.410152223368433377e-01
3.236567542003925824e-01
1.766738404271008533e-01
6.447336225485066352e-01
-1.000000000000000000e+00
9.512654946914372855e-02
4.836201131459707536e-01
-6.253986344547763920e-01
5.858911737901855155e-01
4.775261302481312309e-02
-6.978404628355547867e-01
-8.620405454823794056e-01
-2.290817868243068267e-01
2.897727272030312662e-01
-8.337633796882846227e-01
-8.033326340224443696e-01
-1.850714851904926017e-01
4.828056930118921342e-01
8.745414426718526313e-01
1.000000000000000000e+00
-3.055202064158974995e-01
1.103078988964196205e-01
1.504361661621909096e-01
1.752357136768378787e-01
2.056810460694197262e-02
-1.652029449630617042e-01
-2.155344004338975716e-01
-1.084926975586466280e-01
-2.679786319871091393e-03
4.010194798025989993e-01
2.637601657647263842e-01
2.451388031749842100e-01
-2.602064081062283041e-02
2.197230365988285250e-01
-9.178352480255372869e-01
1.655729298041674624e-01
-3.855968146808225194e-01
-2.256695730046844872e-01
1.346378932167229259e-01
-7.868528646840378116e-01
1.076526193489442951e-01
4.174104295590783109e-02
-2.205520662985316349e-01
-2.634866199666825448e-01
4.842992047766351282e-01
8.068350845816570083e-02
4.627771250170694683e-01
9.576015300616299575e-01
-3.389510760621730623e-02
-7.123824848968220991e-01
5.059547101675713199e-01
2.945384808722290582e-01
5.995385610163983525e-01
-6.002289340512017013e-01
-4.117671116703776057e-01
2.248908853128516461e-01
7.388365715279634482e-01
-2.369798756752168334e-01
5.252185946000335059e-01
1.000000000000000000e+00
6.276891464314234836e-01
9.794802988412454336e-02
-1.000000000000000000e+00
-4.820023851252852598e-01
-1.532947129217052673e-01
2.905764324109024743e-01
6.253690367682663842e-01
7.462600783646764491e-01
-8.901261191263665218e-02
-9.340052605585298651e-03
-5.622253017540694842e-01
-4.955391508447226090e-01
-8.713361931160921170e-01
-6.106435828014915579e-01
-5.433922019001989900e-01
-6.475570842829845297e-01
-6.078931481780294188e-01
-3.097123640800060751e-01
-3.052243950096832914e-01
3.948503377080213039e-01
2.808922667400876039e-01
-9.338687959918252623e-01
6.507576223789945935e-01
-1.588280591681875964e-01
-5.779147505349950809e-01
2.839589612268631491e-01
8.285522062829306922e-01
3.655919933708625669e-01
-1.022283231113320368e-01
-4.449010629277705409e-01
8.379449041647426544e-01
-3.707028465778226534e-01
3.188181403171993500e-01
-7.916811967153409846e-01
6.701077572760292256e-01
-8.957610436068588200e-01
2.361036105315972300e-01
-4.302688296402295554e-01
9.521956474917632196e-01
6.445488780611084711e-02
-7.557325473204140609e-01
-5.975096894385929502e-01
-8.338609085478339011e-01
-3.654402945581103346e-02
7.783566603562986908e-01
-5.877378025649420135e-01
1.610389779073277960e-01
8.750520130348444781e-01
-1.000000000000000000e+00
-4.170653262734809186e-01
8.991592430207403508e-01
-7.523242994272613116e-01
-1.029585187539362456e-01
3.961535231054560402e-01
6.964350941040304832e-01
-2.365989553790364130e-01
-2.399205579173559477e-01
-5.221088986163028300e-01
3.269444321260116942e-02
1.837089771945190075e-01
3.688183565858060842e-02
-9.393157431279219871e-02
-5.227643120266707299e-01
9.094765413138958809e-01
-3.567757690525353853e-01
3.982731702423016884e-01
1.000000000000000000e+00
2.309307598309602305e-01
-5.689029320452049232e-01
6.253223425442993033e-01
-5.621963125201812073e-01
5.597291700958400007e-01
7.521761970725804325e-01
-9.348579824406615391e-01
1.000000000000000000e+00
-5.583613738456814080e-01
-8.697260308497609116e-02
-7.396959517263299588e-01
-5.454572071028198632e-01
5.625947058932563305e-01
3.499087782057456186e-01
-5.731904912562990617e-01
8.940858110786473745e-01
7.817941928918975547e-01
8.401899853871286350e-01
-8.958108324104123721e-01
-2.379678805193732871e-02
-4.200219361417932284e-01
4.667448109558021141e-01
8.836670272809340476e-01
7.545796019854998926e-01
4.534341820180023963e-01
9.373092131744243938e-01
-6.101155161121346593e-01
-4.659095830917490133e-01
-5.640573917225203404e-01
-4.863639642250024986e-01
-2.999288284285020478e-01
-6.722815787765110129e-02
-9.442800394949072418e-01
-8.020390291262413651e-01
-2.972935962521905395e-03
2.814492194142139692e-01
3.476748824644091546e-02
-2.847413721886139087e-02
-3.149648888654328349e-01
9.006756480429689571e-01
-3.084187534390676610e-01
3.301892403941266707e-01
-5.428288463149089083e-01
-6.540335015953403497e-01
-1.000000000000000000e+00
1.000000000000000000e+00
4.536311727131510096e-01
2.579107015317860796e-01
-3.195740305860852448e-01
9.305206140589629138e-01
3.947463405542164239e-01
-6.321042449793048412e-01
-1.000000000000000000e+00
6.516787452539389847e-01
-7.549886890043985832e-02
6.460636522569223050e-01
6.760017826020117138e-01
8.867428947719299126e-01
1.859328095740341025e-01
-4.525534614023565272e-01
-3.105095206260339857e-01
-5.031252933565323604e-02
6.529756566573868826e-03
-1.163405951248961401e-01
1.790060470092633693e-01
-1.822927143323882504e-02
3.686283095867348703e-01
-3.913562532376214653e-01
-8.341323876681465688e-01
8.292999467289120519e-01
3.990545992921361584e-01
9.690462058890099151e-01
5.076390915198909504e-01
1.193373778437208967e-02
-4.507033720830315726e-01
5.733586494328578587e-01
9.649405688667367365e-01
5.402211940309002980e-01
6.962955728653000831e-01
4.838745660586982744e-01
9.208962897037969997e-01
-8.766277374761635155e-01
-1.865847032765106661e-01
1.724594365071202562e-01
6.464192846407039728e-01
-2.664296932069267210e-01
6.718635813684562530e-01
5.366255275001903247e-01
5.003720194719976089e-01
