-8.371536054672207294e-01
5.291415351687506208e-01
-8.859830894278630797e-01
2.067601002554242118e-01
5.039517975524789861e-01
4.550105391985404535e-01
-5.983884742240550558e-01
-1.401734041300388700e-01
3.392475980749782849e-01
2.902689141254895522e-01
-8.739460756691518062e-02
1.683873059353877544e-01
-6.321324602628870526e-01
-3.342458349282879659e-01
6.727646210209751176e-01
-2.743305780645402536e-01
5.106227247949305381e-01
-5.602920052467439405e-01
-4.085926768833147982e-02
3.652277421997749407e-01
-7.707339910381436621e-01
-7.166124048741615571e-01
-2.474476616815102226e-01
-4.848248572980875526e-01
7.803323475068277837e-01
-3.089797092619690488e-01
4.527030579280916234e-01
-8.155047062401246660e-02
-7.700324988170104135e-02
3.125481872798150373e-01
4.401195598969872558e-01
-8.666542224813680306e-01
-1.189167761862350847e-01
5.007392436381780110e-02
-4.063956605778290543e-01
-5.777026119972634710e-01
6.476799398333977775e-01
-5.319541280841018072e-01
-1.365174476324223229e-01
3.338240806504007563e-01
7.684815445069878015e-01
-1.507319180951001425e-01
4.097630543091104194e-01
3.115705352024857877e-01
-6.799813644852243932e-01
-9.839895404641112453e-01
-4.967408371999501027e-01
6.613841917076419552e-01
-2.166714811811010222e-01
-3.929834364292145721e-01
6.292195951338427351e-01
3.584490532056827661e-01
-6.143417806019237926e-01
3.621484855906665357e-01
7.526003465423369843e-01
-7.939521707973072884e-01
7.072242961097727765e-01
9.143763950631366155e-01
-4.038624545269552391e-01
-9.687348422727538877e-02
-6.680590183060254317e-01
4.193538245626385885e-01
-4.782481535112743654e-01
2.344174219434756457e-01
9.981308871605298894e-01
-6.015275863956325297e-01
6.530404927875890775e-03
-5.373923214799894987e-01
3.275196120367709351e-01
3.762184524434773747e-02
-3.647974333823749138e-01
-1.164205832986586753e-01
-4.679155567180215414e-01
2.275377201193166665e-01
-5.562757619301028633e-02
4.247231021196273826e-01
9.712249989817050011e-01
-3.246305485794943047e-01
5.249570405522906436e-01
-3.052219669173483751e-01
5.708258508710496448e-01
9.644476359467355486e-01
7.497115235628510899e-01
-4.545597612684838529e-01
-2.551085218183189451e-01
9.084880999052756811e-01
-3.931106286773682346e-01
-2.252256731049917526e-02
4.686066901656124606e-01
3.529806852441089715e-01
7.962694461922347200e-01
5.942285250693312149e-01
1.480874418003157444e-01
-1.431847686650191687e-01
1.213820559199074167e-01
-6.470429749261077945e-02
-1.087838701918385498e-01
-8.498637206635752950e-01
-5.571829126272889177e-01
6.926120841489444846e-01
-6.242592292220621175e-01
5.532214198160010366e-01
-4.397856815173508682e-01
-6.014906400461058622e-01
6.001896051332475945e-01
-1.595362921069877205e-01
5.919140922287111639e-01
-1.900522388165399867e-01
1.700755544986211065e-01
-5.061266845844542006e-01
1.592011765932140888e-01
-4.830744695499690211e-01
-1.000000000000000000e+00
1.806130348958293885e-01
5.602175535599007716e-01
-9.751107773761662212e-02
5.832066840940043351e-01
7.641994109663707846e-02
1.137066315347188827e-01
-6.410816495637863266e-01
6.668485480896516604e-01
8.538003261008140221e-01
4.421200781241931832e-01
8.137253628378398052e-01
9.798797381982571331e-01
-5.786718228366964922e-01
-3.971936168622164365e-01
-1.477587970946540874e-01
-3.609394779513093177e-01
-8.573832348237389045e-01
6.887241464510873712e-02
-4.221026677899737400e-01
9.177768352430673016e-01
-2.524638282717209248e-01
9.565170125118644950e-01
6.221498658413140426e-01
-4.456055914207106006e-01
-9.837796744361437806e-01
-2.407335966582366815e-01
4.768372321942277448e-01
-9.202314213541331611e-01
4.403100069740650824e-02
5.236598530801652718e-01
-8.522777318913341560e-01
4.852276241177269078e-01
-8.017506687971214241e-01
2.480155774824980286e-01
3.688991321924057765e-01
-4.245329139839220112e-01
-9.009507173917068457e-01
2.314004241489261426e-01
-8.816478334186362842e-01
3.548988787217144392e-01
-1.756792578178189568e-01
-5.705889976969920063e-01
-8.591594806621258851e-01
-2.171851962122409718e-01
2.638557023643409161e-01
6.680797789081907023e-01
-5.635582584988543253e-01
5.642097498184270865e-01
-1.772669003866575999e-01
-1.213864088034144473e-01
-4.574721712071713742e-01
2.853533826174092791e-01
1.722600496371384793e-01
2.213363824028458104e-01
1.217944058552244968e-01
8.117014592808944329e-01
-8.159150589637154116e-01
2.793545464201108164e-01
8.544056362878849065e-01
8.606297112999437005e-01
3.426977995185098713e-01
1.067422074146684025e-01
4.022800883287194207e-01
3.751802540775925343e-01
1.642742314487717070e-01
-7.371679974004221592e-01
-4.457725988639332781e-01
7.149268396489197874e-01
1.748308503926834234e-01
7.770480861058605138e-01
1.891594522136155476e-01
9.558946926443816494e-01
7.189814984755420468e-01
5.527828963552847696e-01
-6.694893541956261629e-01
5.045472471444245599e-01
7.706419696646378270e-01
-5.343761953337833326e-01
6.550569725049970593e-02
-3.428999217978233593e-01
5.917990622490778563e-01
-9.777263976194656703e-01
-1.343428719120449699e-01
-7.994616317550973239e-02
-8.023715964832007774e-01
-8.160870051314870199e-01
-5.724590440294159421e-01
-9.642430077206245453e-01
-6.280436415509226267e-01
-7.759660438996187626e-01
-9.118702629478301347e-01
6.891515120775546510e-01
-1.504461244960074995e-01
9.631600442607579637e-01
-1.000000000000000000e+00
-6.518394872947248508e-01
2.119566759938510681e-01
-1.000000000000000000e+00
-1.000000000000000000e+00
8.757331720270453701e-01
6.658562525877029792e-01
5.710794464607915621e-02
4.691531110658031523e-01
-9.939095346910484796e-01
9.115346739488368044e-01
6.215460882610167603e-01
4.067011802211407678e-01
1.529194891916134114e-01
-1.024782820957221979e-01
-5.667258458868418280e-01
1.582807832948321947e-01
-1.000000000000000000e+00
3.476876290160261784e-01
-1.987895022116081267e-01
-8.635607166820474800e-02
2.513858908593462615e-01
-3.028235179742473360e-01
-5.371580416880218367e-01
-9.906969014312577704e-01
6.610198382033117825e-01
9.460742465480425079e-01
-4.787548441871307681e-01
-5.123493033920359929e-01
1.129942027929820014e-03
3.312308978152891381e-01
3.008381741277730281e-01
7.706810676947650762e-01
7.825891142419845459e-02
9.617794836907019862e-01
-4.888528379395224999e-01
9.451119004661965306e-01
-5.952316677162272640e-01
-6.977527243806983526e-01
-1.372876529053730366e-01
2.290682606884573702e-01
7.787374750391893308e-01
5.179249533568318353e-02
-7.008771558387372203e-01
2.558896718726509367e-01
-6.185354363509303344e-01
7.572048781670650541e-01
6.880520338327476004e-01
-6.831519045478359198e-01
-8.364374021450493579e-02
4.359995269910457716e-01
-1.372463334825390069e-01
-4.503882210568417588e-02
9.345998764173841789e-01
-4.089029804478250263e-02
6.159732781390194756e-01
8.745050491267868376e-01
-6.451138546837948962e-01
