-4.481781940063035430e-01
-1.000000000000000000e+00
-1.000000000000000000e+00
-3.033267969620073168e-01
1.198755625196808172e-01
6.279205264663589858e-01
-3.076740099275789841e-01
4.598324183268882592e-01
5.911253070879027849e-01
5.775708579781241303e-01
8.204685766053694262e-01
2.614105495251739519e-01
-1.233939633883790743e-01
-4.292049805361173309e-01
-9.909544786700624774e-02
-9.005405711799203683e-01
-9.408697868234592310e-01
-9.506853589580541719e-01
5.481959586781204319e-01
-2.307047289166763160e-01
7.593272958941195139e-01
5.396707068398212126e-01
-3.388778512493527406e-02
4.718861008641799248e-01
9.893502960313891315e-01
3.510709061614722959e-01
1.397282721696353480e-01
1.926390395743045048e-01
-2.751803614744412485e-01
-6.104902016860223046e-01
8.965316812484217524e-01
-7.054349313748694561e-01
-9.745464056447605827e-04
4.201580446141882641e-01
4.847737559426586185e-03
-7.236450365246105410e-01
1.618055370669627957e-01
8.881669177935630488e-01
1.980850147056628374e-01
-9.267019020237697857e-01
-1.429158479327941045e-01
-9.888371282242964799e-01
-2.396675038954843018e-02
-1.758030784824097803e-01
-3.526189344695785377e-01
5.133653170442041835e-01
9.598714032273606422e-01
3.337134118362081736e-01
2.063089451329255530e-01
7.527284039998582976e-01
7.077133554196545218e-01
6.164117478164752306e-01
-1.430684624465175525e-02
4.217553085295266957e-01
-6.255266139574523487e-01
-4.096440247300945359e-01
5.443024637437803293e-01
-5.020302722484473179e-01
-8.733127647009796268e-01
-5.758897627676269337e-01
5.265368967386621635e-03
-3.371533026887353346e-01
-9.747386348457713900e-01
2.387080785666600979e-01
2.265215620367477811e-01
6.416185962219285166e-01
6.129588194283004665e-03
7.815240632677566968e-01
7.218157936152600485e-01
-7.988438597946129205e-02
-6.041610481944965638e-01
5.031691393480967056e-01
2.959537743300530988e-01
-2.979474164439539496e-01
-7.456579528487237152e-01
4.522356329139057829e-01
2.752125718408108268e-01
5.009292544583019424e-01
-1.627576897286571733e-01
-2.885652363502123618e-01
-6.550601261393760311e-01
3.747857466747186450e-01
2.989550488970581510e-01
6.828337407893778632e-01
-3.241495140693063659e-01
-5.088232820607845319e-01
2.324507980731185808e-01
-8.782646019308176788e-01
2.707766457795797166e-01
6.020767553396288996e-02
1.790800700205923413e-01
-3.247376036115734443e-01
3.632935610818518457e-01
7.353783061647782837e-01
2.248500466333044900e-01
7.721707842338929595e-01
-1.734197711607632364e-02
-3.105406285748733008e-01
-2.929043999882625648e-01
6.307250751696775737e-01
8.975794606084611660e-01
-5.976451920313119448e-01
2.996693088847883768e-01
5.067861379146951784e-01
8.249192428086080664e-01
-7.637654692812279045e-01
7.961402524783860180e-02
-5.022559001233086740e-01
9.134397914552461195e-01
5.557975946250905963e-01
1.518686589560281353e-01
1.104395114360647162e-01
-5.527469618799389917e-01
-1.507189821809482577e-01
6.137322314858338901e-01
6.644793603963639050e-02
-9.566114621245283001e-01
-7.790885770143030076e-01
1.055432833422316197e-01
-5.573524653756587455e-01
-8.153773216460418194e-01
-2.549864921691029629e-01
-1.215813513269276003e-01
-5.311402103497768756e-01
3.330414474378913248e-01
4.970144063074912744e-01
-9.049278194643548545e-01
7.653879359006505734e-01
3.656413952926436117e-01
-7.584074992327128895e-01
-2.275007440393292668e-01
-1.197131671670814690e-02
3.695815100387731533e-01
2.282668835812135255e-01
-1.000000000000000000e+00
1.274282044811756165e-01
3.468453556066528609e-01
-4.499800575883429188e-01
3.089717170359664866e-01
3.799702061031838829e-01
3.341779689245987228e-01
2.097196681795761020e-01
2.561418482478670100e-01
3.948645409607154377e-02
6.333999757920574236e-01
-8.992808384640409436e-01
6.546690315329624088e-01
-1.428895177797147031e-01
1.000000000000000000e+00
8.209960316339262043e-01
6.282727267915082514e-01
5.102318561530410079e-01
-4.316044238440633896e-01
-4.810069233077178819e-01
2.765365105765944520e-01
6.240251349601749764e-01
2.845666412294273195e-01
-2.269703227848895999e-01
8.229501205662372865e-01
3.591612308604880677e-01
-4.327299248785124730e-01
-7.921620984346687822e-01
-5.367987614558089593e-01
-5.467197691818093119e-02
-7.508554502522001295e-01
7.664297816691196807e-01
-3.861126723144349127e-01
1.044826776134977209e-01
9.909615127070445784e-01
-5.261387406493857055e-01
-7.343337447820732500e-01
5.691467325850164960e-04
-8.342400976921753308e-01
-8.107326393958680377e-01
2.894900538030831250e-01
4.000662374769632934e-01
2.625988658443789703e-01
-3.414456828307621539e-01
1.240419141577800421e-01
-8.506524972728538581e-01
9.828859762969839320e-01
-1.547502750382578895e-01
-5.232248128932928122e-01
-4.217733494205335720e-01
-2.989594906034414024e-01
-6.383927778306766054e-01
-2.514903645473447469e-01
6.870134672211993809e-01
-7.678070895455235689e-01
6.069193867686224486e-01
5.676697601103128932e-01
-7.146593787228181505e-01
6.673286923491978939e-01
4.914906975214279328e-01
-1.352767830006236238e-01
2.615244303767685907e-02
-1.303147333569532607e-01
-7.241090928272793104e-01
-1.693280825015450741e-01
-2.267590946201076818e-01
5.393457681782827251e-01
3.328773518408101317e-02
9.179922573147732967e-01
1.818237659274195561e-01
3.940784302369046976e-01
6.205448715829284811e-01
8.858365467625517464e-01
5.290010278829271329e-01
-2.557866743702862378e-01
-6.976604557193126777e-01
-7.671718738696094997e-01
6.253019285492368295e-01
1.000000000000000000e+00
8.349093938155699446e-01
4.232288057801022463e-01
-1.512807109884504175e-01
1.030999662930942584e-02
-7.492568811963473685e-02
-1.844303152814530389e-01
1.433743565656319108e-01
5.824059643057155622e-01
3.198711113530459116e-01
-8.391155484734715841e-01
9.475632427677759262e-01
-2.744002935285654310e-01
3.258094884856999052e-02
-8.785768724281053377e-01
1.546018281552728746e-01
-4.993246243866993894e-01
7.460213219203621904e-01
-9.852974506489786677e-01
9.551642951471461807e-02
-5.650862706190270535e-01
1.844358260787341830e-02
-4.304348590356590343e-01
1.548449036243154664e-02
6.497776311767436419e-02
5.118374432378677286e-01
4.785499323194373211e-01
-8.825630884520254682e-01
-4.462562661407467601e-01
1.338208739517751100e-01
1.201225654191808712e-01
2.175302330218781000e-01
3.062009321744459389e-01
3.928065639056493863e-01
-9.512076610892447603e-02
-7.086552876680785040e-01
-1.000000000000000000e+00
-3.868266412847466418e-01
-9.208926362791420850e-01
-6.815135102728760996e-01
4.295700596040334940e-01
-1.559413552870922981e-01
7.056671134799783474e-01
1.518185549846930993e-01
-1.512029487789587900e-01
-7.995174690339794665e-01
7.057332853263555972e-01
-9.922568435223133587e-01
-7.719867385351997235e-02
-7.504189589480143585e-01
9.771222570467485991e-01
-5.515306572054039513e-01
5.437700891993754726e-02
