run,gen,best,mean,std
1,0,31.009567413221262,-2.7564655016041884,6.731150245932011
1,1,31.009567413221262,5.601958313772793,9.251212283086543
1,2,48.50693855665945,15.031847760893383,6.635784665975872
1,3,48.50693855665945,21.49167050763393,9.83328464085456
1,4,48.50693855665945,28.47676066059972,10.365953053813552
1,5,48.50693855665945,37.4123842891323,9.540941002955499
1,6,48.50693855665945,44.43768351737923,7.404685830391267
1,7,48.50693855665945,48.49570948154809,0.03495447511499343
1,8,48.527729326328526,48.50450752988726,0.01960305595448014
1,9,48.527729326328526,48.50604686000154,0.016329589952141274
1,10,48.527729326328526,35.849998817109196,22.263124941242033
1,11,48.527729326328526,48.32480453210129,1.2626227103709364
1,12,48.527729326328526,48.430364554167056,0.8973437845164748
1,13,57.28957298262513,48.96170455073732,1.9106244420952285
1,14,57.28957298262513,49.04715277399466,2.4327746981421945
1,15,57.28957298262513,49.92355364853887,3.454902410037245
1,16,57.28957298262513,51.93936380746156,4.278091892552961
1,17,66.24742736117437,55.2824239147335,5.128743781608936
1,18,66.24742736117437,58.37794096664625,4.587875454372311
1,19,66.24742736117437,60.69682781228656,5.179261562488535
1,20,66.24742736117437,48.73017602020581,30.44088730188875
1,21,66.24742736117437,64.81690770458353,5.4683855870739135
1,22,66.24742736117437,65.35415605234125,3.8936913356266785
1,23,66.24742736117437,65.71103565757865,3.050065005425808
1,24,66.24742736117437,65.62186893889438,3.632491778494464
1,25,66.24742736117437,64.45933245284228,5.927325805846169
1,26,66.24742736117437,65.08574519022511,4.998796025359227
1,27,66.24742736117437,65.5338181013861,3.7145825087540767
1,28,66.24742736117437,65.89124626432326,2.493275504597804
1,29,66.24742736117437,64.90683410460854,5.112737852713516
2,0,13.037155369740093,-2.2024903651569034,6.5761829382227575
2,1,13.037155369740093,5.7018997890019785,7.726831193861233
2,2,39.3978811791203,13.826532367691323,6.721386617411017
2,3,48.443171938300466,21.1397292134488,11.42877318210513
2,4,57.41275134159975,29.248212609691176,13.468011461661243
2,5,57.41275134159975,39.28252343760826,12.012152177848725
2,6,66.5446788846423,47.21820947595101,11.4269955328931
2,7,66.5446788846423,54.30111435311943,9.787737916417461
2,8,66.56627799644576,57.47330203774568,10.073284534236908
2,9,75.38322890233343,61.72456145237203,5.506574833010366
2,10,84.8119398588649,50.12606941767968,32.29487676723348
2,11,85.95289246928256,69.11447225102228,8.897736832485089
2,12,86.67616819497442,74.94733228148108,8.52177261445404
2,13,86.67616819497442,80.6398252462846,7.549639803177265
2,14,86.67616819497442,84.37616620287586,4.733832461975488
2,15,86.67616819497442,86.11129169788676,1.6393288264349697
2,16,87.45282822853991,86.46482384005843,1.1737907439922208
2,17,87.6328282285399,86.13000026872628,4.105287350323548
2,18,87.6328282285399,86.15110891092255,4.065844017739023
2,19,87.6328282285399,86.37890971023255,3.5169900418297995
2,20,88.10814186652395,64.98156550739162,38.97121079388688
2,21,88.10814186652395,85.64383904081346,7.737980112162787
2,22,88.52814186652395,87.18421023342997,4.062465264751498
2,23,88.52814186652395,86.5715991717304,6.432489525628026
2,24,88.52814186652395,87.6228514244087,4.816437180698051
2,25,88.52814186652395,87.35638967487694,4.285096906291116
2,26,88.58814186652396,87.77583023820782,4.522673675180505
2,27,88.58814186652396,88.5119887301441,0.09218153734003912
2,28,88.89679627126205,87.77694341603534,4.512967512028221
2,29,88.89679627126205,88.25261132666513,3.094281976229679
3,0,30.65289246928253,-3.0820607960961026,6.293868559105989
3,1,30.65289246928253,5.797063364979493,9.240732431874314
3,2,38.85581436587435,15.313149134860504,7.091095746787853
3,3,39.45092391510478,21.408708281467696,9.042199133794599
3,4,86.43853908213778,30.144555290166753,13.775800015340671
3,5,86.43853908213778,39.04250330775039,12.4022522821342
3,6,86.43853908213778,47.523607612839776,18.15353114341297
3,7,86.43853908213778,61.427013872634205,19.879121325456435
3,8,86.43853908213778,76.80298575599187,15.288780850118556
3,9,86.43853908213778,81.4347098394643,11.476833295356958
3,10,86.43853908213778,63.92486654855998,39.05894739259931
3,11,86.43853908213778,82.65432308203066,11.902731807461711
3,12,86.43853908213778,84.59263263837438,7.379176639797144
3,13,86.43853908213778,85.2691110788272,5.921760920978044
3,14,86.43853908213778,85.9181783669002,2.983176039480765
3,15,87.28254710353532,86.07934562219835,3.0949281597136378
3,16,87.28254710353532,85.40977676548682,6.976871409781954
3,17,87.28254710353532,85.19901873816208,7.156127270559935
3,18,87.28254710353532,86.19649752695197,5.37361078151209
3,19,87.28254710353532,86.53947757669533,3.324524394093361
3,20,87.28254710353532,65.81225169977643,38.32024432620284
3,21,87.28254710353532,85.6591177630579,6.114491145505595
3,22,87.65165549623893,86.43029423309792,4.458611249463579
3,23,87.65165549623893,86.84945472920725,2.919288424102358
3,24,87.65165549623893,86.7640898520905,3.143136838375812
3,25,87.65165549623893,86.27904385550036,4.8935794098365095
3,26,87.65165549623893,86.6297057520747,5.00189911892742
3,27,87.65165549623893,86.56840102406208,5.271464369558159
3,28,87.65165549623893,86.75416481933574,4.666039909155099
3,29,87.87289246928256,86.91158068194868,4.184217542126473
4,0,39.50693855665945,-3.0541810036400237,6.760267099249424
4,1,39.50693855665945,5.818657276749098,13.160104419719588
4,2,39.50693855665945,16.692469658368847,10.872125414036464
4,3,39.50693855665945,22.59575813932622,10.556033462100814
4,4,75.16518926293739,33.66313335167241,12.692310888513878
4,5,75.16518926293739,43.667253495848,14.839694418371664
4,6,75.16518926293739,50.844018211019005,14.757072677443828
4,7,75.16518926293739,58.51704007932146,15.712445792989193
4,8,75.16518926293739,66.47138274299145,13.80404792470898
4,9,75.16518926293739,71.84752452232509,9.001420177442238
4,10,75.16518926293739,55.32166105059146,34.42637765980179
4,11,75.16518926293739,72.31694884178854,9.245841438172494
4,12,75.16518926293739,73.38547943744194,8.057347320391205
4,13,75.16518926293739,74.5405395874361,4.417687812135101
4,14,75.16518926293739,74.45363080433668,4.980307615071586
4,15,75.16518926293739,74.36355121809991,4.731181890493167
4,16,75.16518926293739,73.74211926575019,6.123795711296157
4,17,75.16518926293739,74.54265420990554,3.1425420834154747
4,18,75.16518926293739,74.00651785835815,5.146495466894939
4,19,75.16518926293739,75.16518926293736,2.842170943040401e-14
4,20,75.16811752271649,56.71527971261783,32.365094396356994
4,21,75.16811752271649,72.32305079582265,10.349669430744601
4,22,75.16811752271649,72.94319101464214,8.28344584529643
4,23,75.16811752271649,73.47621337386035,8.508116861239888
4,24,75.16811752271649,74.09811841132249,6.213618613911025
4,25,75.16811752271649,74.45580490020446,4.985990610424961
4,26,75.16811752271649,74.54260809135613,3.830842159819711
4,27,75.16811752271649,74.98808824011869,1.2599958504512536
4,28,75.16811752271649,73.56731401930878,7.581478957229289
4,29,75.16811752271649,75.16788428392152,0.0016326715646974325
5,0,21.67699002086159,-2.996514644941708,6.14539120337803
5,1,30.58389959779558,6.825881489645611,9.880349607860085
5,2,48.37959913428285,16.776212859349858,9.464620983051878
5,3,48.38322890233343,25.170622868606397,11.86080514207099
5,4,57.40157804100163,34.76664269945625,12.17559103204539
5,5,66.42027017401378,46.12227604286604,9.628993045870855
5,6,66.42405089685369,51.216690427959854,8.917011349740463
5,7,66.42405089685369,54.81060085346953,9.549161222617222
5,8,66.83521402607649,60.49769719622376,7.772756486912611
5,9,84.79703951986407,65.41762668958134,6.934385562184406
5,10,84.79703951986407,51.30926079704539,32.51476554868927
5,11,84.79703951986407,68.91266254909601,14.391956323394458
5,12,84.79703951986407,77.65088620352269,9.999709144847074
5,13,84.79703951986407,81.99523073898813,9.529564887576344
5,14,84.79703951986407,83.88494822329068,4.73751655531872
5,15,84.79703951986407,83.70145652510057,5.802760235728503
5,16,84.79703951986407,81.81812673644083,12.689295742114972
5,17,84.79703951986407,83.43738833070991,8.13142586986955
5,18,84.79703951986407,82.27322443769013,12.364178405720114
5,19,84.79703951986407,83.53291055123364,8.939925902759278
5,20,84.79703951986407,63.05141180939157,37.79478210605234
5,21,84.79703951986407,82.26573653699077,11.91423294241812
5,22,84.79703951986407,82.89852185342788,10.221365077439627
5,23,84.79703951986407,83.34467250806586,8.06577482672523
5,24,84.79703951986407,83.34643700679902,8.842087569558565
5,25,84.79703951986407,83.25502277757906,9.036538706252333
5,26,84.79703951986407,83.25770275400802,8.289784543347979
5,27,84.79703951986407,83.70484997229823,6.591180195337046
5,28,84.79703951986407,83.61850419826064,7.414085015902632
5,29,84.79703951986407,83.80155179227872,7.216095827200795
6,0,39.49874178945527,-2.835161659336157,7.021468462408799
6,1,39.49874178945527,5.976220122638957,11.313278429459443
6,2,39.49874178945527,14.994754394152185,9.192291634643752
6,3,48.409013019489144,26.667350328775697,12.441534860740115
6,4,66.1194670135993,38.30813183104195,8.967959202479214
6,5,66.12788221052459,46.08783432120578,10.177182027112229
6,6,84.35060701409176,56.66756362488482,11.364987027916703
6,7,84.35060701409176,65.83413391490762,6.827190068964184
6,8,85.14322890233345,69.59103244876765,7.810404667809933
6,9,87.46254710353533,74.76858264116821,9.019873530278096
6,10,87.46254710353533,63.35997729789463,38.48980392030573
6,11,87.46254710353533,84.16257379925531,8.662916162780904
6,12,88.11853908213779,86.5936140687982,0.8860869181612872
6,13,88.11853908213779,85.44805914209485,8.718040502224854
6,14,88.11853908213779,86.05948715565376,7.2668765508777815
6,15,88.11853908213779,86.6337692561444,6.002513755318431
6,16,88.11853908213779,87.04483304954121,6.196912373763132
6,17,88.11853908213779,86.82984545015168,6.525752044518391
6,18,88.11853908213779,86.69780095502578,6.992659951425015
6,19,88.95853908213779,88.08980443190492,0.47922993976711087
6,20,88.95853908213779,65.1255369135298,40.05087207126703
6,21,88.95853908213779,86.29975641981753,7.937310205181922
6,22,88.95853908213779,87.64128732652865,3.97766098321654
6,23,88.95853908213779,88.41602045864467,2.256473681908121
6,24,88.95853908213779,87.65396564959839,6.557747150489784
6,25,88.95853908213779,87.1493875426862,8.122607914620891
6,26,88.95853908213779,88.9501390821378,0.08357894471695644
6,27,88.95853908213779,88.61413575086743,3.150742129303323
6,28,88.95853908213779,88.52462549091338,4.0384875933893785
6,29,88.95853908213779,88.59732810293436,3.167053599582413
7,0,21.39052820481504,-3.3281749882036484,5.580127349317882
7,1,57.73214184093667,7.343849739090158,13.464531577056063
7,2,57.73214184093667,20.35433960051196,16.38740017560814
7,3,57.73214184093667,35.79011537777051,17.953809265233513
7,4,75.5446788846423,47.20638985481054,15.831493354323417
7,5,75.5446788846423,56.17491763480409,9.84223075731059
7,6,75.5446788846423,62.89546658901096,7.779088247141959
7,7,75.75825298494036,67.98242596910603,8.772824240940292
7,8,75.75825298494036,72.81516145164049,5.633272079311176
7,9,86.97679627126203,74.87774386415772,5.69590860873223
7,10,86.97679627126203,56.780698140640155,35.45536241046141
7,11,86.97679627126203,76.47401380011434,9.093045354314182
7,12,86.97679627126203,80.95264157160926,8.635055971680758
7,13,86.97679627126203,83.19844907018734,7.950299101336544
7,14,86.97679627126203,84.95966898692906,6.872431039905903
7,15,86.97679627126203,85.5727305356707,5.798432959123626
7,16,86.97679627126203,85.7146843624691,6.600575989829205
7,17,86.97679627126203,86.50455806782779,4.698710797388543
7,18,86.97679627126203,85.71083188641217,6.501204353842691
7,19,86.97679627126203,85.35453817400446,7.9825226049605424
7,20,86.97679627126203,64.22612175509992,39.483072589720834
7,21,86.97679627126203,84.06209234428623,9.940646406069028
7,22,86.97679627126203,85.48074445608609,6.282041249553771
7,23,86.97679627126203,86.45380960140209,3.059246717504723
7,24,86.97679627126203,85.14690786862893,8.218485097433161
7,25,86.97679627126203,86.29966324825733,4.782636108203124
7,26,86.97679627126203,86.09361274315478,5.02200124161941
7,27,86.97679627126203,86.26948356774184,4.084913383720604
7,28,86.97679627126203,86.06562030869145,4.531530911786681
7,29,86.97679627126203,84.77085596317583,10.203565493173011
8,0,30.58389959779558,-2.8816339715450003,6.720667231520409
8,1,30.58389959779558,5.500623230480308,9.652791903953794
8,2,47.83248350911166,16.223381347323624,10.867947758819668
8,3,47.97413402617469,24.637296278714427,11.851766785986868
8,4,57.35102576183879,34.64681762936,10.605821610977877
8,5,57.35102576183879,43.09112100958621,9.127750305079472
8,6,57.35102576183879,48.42719153144756,5.713585606526548
8,7,84.49003982910277,51.90645235531692,7.220681897574811
8,8,84.49003982910277,57.40916621434051,8.145730678300007
8,9,86.21165549623893,64.54962591063394,11.524514733041094
8,10,86.21165549623893,57.768816575540576,37.01945252622488
8,11,86.21165549623893,81.50437518641235,8.372237620886052
8,12,86.21165549623893,84.88711890768387,4.86504798865716
8,13,86.21165549623893,85.43598658062358,4.14530136305769
8,14,86.21165549623893,85.44476206080589,5.434772079315786
8,15,86.21165549623893,85.63521619246495,4.757658226907599
8,16,86.21165549623893,85.6384549930587,4.012406117476351
8,17,86.21165549623893,85.32870559583937,4.748119049386904
8,18,86.21165549623893,84.03837269437314,8.821752581406265
8,19,86.21165549623893,83.89103265880937,7.69667112089685
8,20,86.21165549623893,63.599150557949606,39.216454671512864
8,21,86.38254710353532,83.28856018012124,10.808696136386894
8,22,86.38254710353532,84.97879254903812,6.139925805986019
8,23,86.38254710353532,85.94642095533781,2.8629046897474915
8,24,86.38254710353532,84.46753401651581,7.975655829194242
8,25,86.38254710353532,85.15933027861333,5.657698661320072
8,26,86.38254710353532,85.30870418457371,5.997919159055618
8,27,86.38254710353532,85.13032747412242,6.14830123715287
8,28,86.38254710353532,85.69315737736638,4.174317521368606
8,29,86.38254710353532,84.86666214593158,7.528520963980087
9,0,39.361645330666256,-2.5068057600387372,7.470544900772643
9,1,39.5750499825186,7.55877660731157,11.07168822209729
9,2,39.5750499825186,18.382495123088447,9.429089127101848
9,3,57.241098226122716,27.40878557704225,12.219685558623642
9,4,57.241098226122716,37.29995564974289,9.068180120971105
9,5,57.2731522524128,41.05804007702446,7.619787436556672
9,6,57.2731522524128,45.67126245677475,8.262620307272343
9,7,57.2731522524128,50.34954364392229,8.627164022912707
9,8,57.2731522524128,55.12908462960409,5.478289548659438
9,9,57.2731522524128,57.26476905352948,0.012811992991394357
9,10,57.2731522524128,42.316836625901004,26.15402166365518
9,11,57.2731522524128,56.736648804449345,3.0450711530948884
9,12,57.2731522524128,56.647264854737486,3.157370222393632
9,13,57.2731522524128,56.29096334948927,4.160903583298688
9,14,57.2731522524128,57.00611856957734,1.9730288590310796
9,15,57.2731522524128,56.91524668500766,2.5002998051998047
9,16,57.2731522524128,56.46904072972562,3.5908339719370606
9,17,57.2731522524128,57.00387671432726,1.9822222272943624
9,18,57.2731522524128,56.55972968939097,3.493896033701596
9,19,57.2731522524128,57.27247484997131,0.0035657803088136614
9,20,57.2731522524128,42.249509837460394,26.166932387386684
9,21,57.2731522524128,55.663866105357755,5.269447586300846
9,22,57.2731522524128,57.273087317119696,0.0006460980086477246
9,23,57.2731522524128,57.00760905094821,2.6392190572882255
9,24,57.2731522524128,57.2731522524128,0.0
9,25,57.2731522524128,57.27276769570701,0.0035143751634642774
9,26,57.2731522524128,56.91547208260847,2.5035308513256984
9,27,57.2731522524128,57.272737519930736,0.004126536094154341
9,28,57.2731522524128,57.2723854835788,0.005385659479697463
9,29,57.2731522524128,57.2728317121499,0.003189335346731838
10,0,47.73660173740838,-2.0990346797672736,9.4086323643956
10,1,47.73660173740838,8.361550816594093,12.049022833541278
10,2,48.35809292906188,20.91017319154162,12.416721413815777
10,3,48.35809292906188,30.538350881348187,12.72860282149066
10,4,48.691732302598794,40.0227819709878,9.508770198318427
10,5,75.47454706086822,45.93380561953762,7.682745221507246
10,6,75.47454706086822,50.45170315866864,11.055438507269866
10,7,75.51106227384331,56.733763958202914,13.106011462755538
10,8,86.25454706086825,64.19422969273552,13.040105456972439
10,9,86.25454706086825,72.38428512848427,10.494265934886654
10,10,86.25454706086825,59.31739787561824,36.836664639063414
10,11,86.25454706086825,78.869358437094,11.797780594381761
10,12,86.25454706086825,83.52979964458622,7.348879030088995
10,13,86.49853908213778,84.76597773592748,6.363933454495541
10,14,86.49853908213778,85.51610841758378,4.792384527362966
10,15,86.49853908213778,85.05948189467753,6.119251107854035
10,16,86.79853908213778,86.15887910592092,1.5285075608038443
10,17,86.79853908213778,84.91971421757754,7.833666378116626
10,18,86.79853908213778,85.57806024500843,6.309501848427118
10,19,86.79853908213778,85.50128465276484,6.487409150287438
10,20,86.79853908213778,64.39704815115148,38.91736513466364
10,21,86.79853908213778,84.16767861223408,8.488419811560258
10,22,86.79853908213778,85.23669064714755,7.2570069094248515
10,23,86.79853908213778,85.71883634938091,5.774308559604892
10,24,86.79853908213778,86.10076027678991,4.409478324954866
10,25,86.79853908213778,85.65362966216668,6.868512815481245
10,26,86.79853908213778,86.1516757744211,3.457437975330472
10,27,86.79853908213778,85.45239604648602,6.890331777612804
10,28,86.79853908213778,86.39651706078766,3.8002392413371378
10,29,86.79853908213778,85.8292307341349,5.835230002637288