-4.891769875406121182e-01
-1.000000000000000000e+00
-2.711426120123044958e-02
6.208562708867728652e-01
-9.529786786690013223e-01
5.696532744243093527e-01
2.564240961595587454e-01
-4.495195384247416825e-01
8.781296135884046894e-01
-7.661766853198417326e-01
-9.123794187827037883e-01
6.697186076795930143e-01
-2.497378289382759520e-01
-2.673841577225893329e-01
-1.795729566697641666e-02
-3.798505679529466939e-01
-2.999381923233911118e-02
7.230469883247812035e-01
2.489993050239916461e-02
1.714564137895392970e-01
6.938328253793398792e-01
6.887087405292704467e-01
-1.612167015614263121e-02
-7.842412846560693485e-01
-6.772896818401679120e-01
1.000000000000000000e+00
3.971404975798840109e-01
-5.281007344223220823e-02
-8.839515705993210570e-01
3.544201733285252121e-01
-5.356962077759066521e-01
1.000000000000000000e+00
-6.580767006105696648e-01
4.389348323581213074e-02
1.677527686768303106e-01
6.213052146908676354e-01
-9.306054577318005894e-01
2.360744948383576847e-01
-6.896188628700854473e-01
4.257269940112310413e-01
5.736157676893861579e-01
3.179825952306130632e-01
5.273498665869635893e-01
-3.339866813880892904e-01
7.666857879242323648e-01
7.868096307370300302e-01
-7.311459331003347106e-01
5.967848046643465798e-01
-7.882566695306114646e-01
-4.272563147914458792e-01
-4.377884879736682056e-01
3.723052417774626033e-01
2.838403721700884508e-01
9.512379082957140852e-01
2.477856994757325904e-01
4.468968237960848078e-01
8.534807580557155493e-01
2.521511724605762228e-01
6.507166227902805300e-01
1.808918303542715045e-01
1.723456685120257070e-01
8.583973572871168578e-01
9.652936816025936562e-01
-7.180654791206291243e-01
-3.258658029569752035e-01
5.756945513090089284e-01
-1.388407403812630392e-01
4.189700795843009917e-01
-7.320108739931403541e-01
7.010537682844835139e-01
-4.213225378861656933e-01
-4.750000790645291793e-01
-9.880564983194312090e-01
8.394120006774378195e-01
3.140176785773627910e-01
4.018950984136131221e-02
-2.898917436195974640e-01
-2.883861177571095391e-01
3.317295122340673252e-01
-8.293831962810849223e-01
4.073651591620309209e-01
4.805677175857663852e-01
-8.756653645447922685e-01
-7.591997439809495818e-01
-3.613636403177196144e-01
-3.015319179005170880e-01
1.069516174427021099e-01
-7.305136614447251819e-01
8.063722997156183014e-01
-7.604967542035678818e-01
-4.326070650827774089e-01
8.234191584793354446e-01
4.535702238141322423e-02
3.531911713465560321e-02
-1.772739202171447204e-02
5.941891474350902147e-01
6.864179822975398082e-01
4.557110782775667945e-01
-6.026623918808811098e-01
-8.353517112181343407e-01
-3.539691219123249910e-01
5.443267584967415029e-01
-2.644243185946986152e-01
-9.863475492573612335e-01
-3.629849446036639282e-01
5.452350496101335819e-01
1.000000000000000000e+00
8.154892997922797981e-01
-3.659584359450351876e-01
-3.213083158017510099e-01
1.341734421218836459e-01
-2.584328877926396206e-01
1.759879735031485704e-01
-7.869932887112461861e-01
-8.172177704843988089e-01
4.489897599425306529e-01
-5.804223344512285943e-01
-5.969800346298486105e-01
-9.406435924641509683e-01
-5.725199444592077302e-01
-6.830489738652301135e-01
-8.395002370631836630e-01
-9.112984656905019909e-01
3.327412677343300623e-02
-1.330228590514388465e-01
-3.330917270537318009e-01
2.949525757497859502e-01
4.619919272110657449e-01
2.807798595136792308e-01
-6.533087294827728542e-01
8.874845543011582460e-01
8.822589738504069690e-01
5.997667823336561010e-01
4.018075035432205344e-01
-5.678025497487584339e-01
3.106144152952607373e-01
-6.235125444914779713e-01
-9.462783231965936626e-01
1.000000000000000000e+00
-5.124089063121661791e-01
-2.965324806588186535e-01
-4.097256548236445917e-01
7.463420752391334290e-01
-7.039754951587600118e-01
6.768121765768961851e-01
1.329725304346471848e-01
-8.483309755455339385e-01
8.326151193006613438e-01
-9.499350464566844732e-01
2.072253252762319420e-01
-5.078640474065077015e-01
-8.505284003159737649e-01
-6.453369269729218594e-02
-2.675941470959073420e-01
-1.214090405167252140e-01
4.430261072393994470e-01
-3.632191381946062170e-02
8.065383192739359330e-01
1.759469022201354260e-01
6.272191940935086807e-01
9.401694103236251099e-01
3.467556600633256991e-01
-7.023120733399829119e-01
2.713640815395568229e-01
4.746537292386359685e-01
6.694729393402411022e-01
8.559227995517746379e-01
9.830459896320409285e-02
-3.720334421584111650e-01
2.570897607047596400e-01
-5.229065755815698324e-01
-6.586493157188164638e-01
9.291393281374027424e-02
-9.669846890399272921e-01
8.190665238695885586e-01
-7.245368047666984612e-01
1.189961888419663327e-01
-3.300448372295163857e-01
-7.260249992520037554e-02
-2.889825614159025058e-01
-2.074906694765479287e-01
6.561548405990232924e-01
-3.685397363800757553e-01
1.388336329505760469e-01
6.932857813352952814e-01
-5.190273289555999980e-01
-8.498745422909199654e-01
9.772433083091908168e-02
6.708270813363276242e-02
9.735264462591648460e-01
-3.959786492233043909e-01
-5.585187446159252111e-01
3.762600693601786395e-02
1.000000000000000000e+00
3.761400241944765077e-01
6.297108959477091261e-01
3.463530959743031379e-01
-6.456912630798685715e-01
6.860233624811353792e-01
6.000512275648078875e-01
6.853725055923854947e-01
-5.141410692526631188e-01
-1.000000000000000000e+00
2.421541307264638565e-01
-7.380185060211137404e-01
6.350134758363124021e-02
2.129708339619799939e-01
-3.605763592535500273e-01
5.082657100279912576e-01
7.583752535412027207e-01
4.927133415289621787e-01
-3.264800509908616366e-01
-1.987692693674331101e-01
2.907170433883119465e-01
-4.835663258029319622e-01
6.657257560368647908e-01
5.667862252059032713e-01
3.865294819710012320e-01
3.200876668047674123e-01
3.157944769049197964e-01
-6.370500459272747662e-01
3.794796662302397650e-01
5.503933337234979684e-01
-3.625859617751370223e-02
4.176450737966876936e-01
5.522115634242136251e-01
6.912485016625526946e-01
-8.552874163110433248e-01
-8.775038247332984653e-01
-2.990923840557173641e-01
-1.882729648506583642e-01
-5.840417809974867147e-01
1.000000000000000000e+00
-6.058957588008323514e-01
1.000000000000000000e+00
-9.631325961394285873e-01
6.557567630469846032e-01
5.069653749731015679e-01
-5.536099786013075619e-01
-9.866038102146943434e-01
-1.062720768994260823e-01
3.392853658810592865e-01
1.000000000000000000e+00
2.999311549649538167e-01
1.508913052284465983e-01
-7.866625083235181393e-01
2.940084504452156189e-01
-4.934764322186617758e-01
1.000000000000000000e+00
5.053314875937435779e-01
5.297563488118617325e-01
1.330875493701822176e-01
-1.377879855787024488e-01
-1.000000000000000000e+00
4.267486298762658281e-01
3.476543957524318440e-01
-3.384030592625502099e-01
-5.640131815657380976e-01
4.207134570243238891e-01
-7.918594771511824337e-01
-3.867019821231283960e-01
-4.150198145692225449e-01
-7.480807225111546499e-01
-7.892143519884935454e-01
-7.781333249185785617e-01
