3.575881995621353893e-01
-6.162238870576466354e-01
8.086749829648479659e-01
-9.310384368549013967e-01
5.118279330254322801e-01
9.635536686090782899e-02
2.522743584046032717e-01
-9.489979076414702952e-01
-5.941724023051387915e-01
-8.645778410201658826e-01
3.131668179076836922e-01
5.240387670393031883e-02
-2.090478359510292705e-01
-2.388303677255704804e-01
7.081292236898308889e-01
-5.908890535278490397e-01
-4.042692344049875208e-01
-7.144728179806525414e-01
5.946494653717836476e-01
1.000000000000000000e+00
7.826427756964868809e-01
-6.896845069354959890e-01
-5.551900791533099788e-01
7.374609009289228023e-01
-6.292660068442463839e-01
-3.382907706561619210e-03
-2.393518971009489515e-01
3.609123834607770309e-01
-7.500833366240884370e-01
-8.621454398845627143e-01
-9.877621639169432699e-01
-8.404145152294510979e-01
6.258691906337275901e-01
-2.973417142358750764e-01
-1.517082694697003409e-01
6.298283102303008363e-01
-6.610716691818167012e-01
4.571060483957811726e-01
9.412073955382977974e-01
-7.190868977957196595e-01
-5.854606280121610329e-02
6.486025230315636825e-02
6.755998310437441035e-01
2.431864150519171819e-01
-2.637779691992159226e-02
2.159399987454102554e-01
-5.402585536087364249e-01
3.605021705414790389e-01
-8.901799001147574497e-01
-8.029406205047178169e-01
-6.317490928892459667e-01
-2.937757766152249150e-01
7.157574770036676526e-01
5.060219204519078584e-01
1.405712631974729565e-01
8.810510747312446655e-01
2.596784655235868655e-01
-7.098468333561334109e-01
-5.210526572421159130e-02
6.113395108301120651e-01
5.515816621626965510e-01
-1.000000000000000000e+00
-9.966470651035761463e-01
-7.438628212722089295e-01
-1.871400637108612541e-02
3.130649481266887801e-01
-3.473065366605656568e-01
-3.730095166628208947e-01
9.003508556854198375e-01
-6.363891309332596613e-01
-2.734729046262237562e-01
-8.713651192870297546e-01
6.108449789251111373e-01
-9.244494769983030436e-01
-7.335494831565303464e-01
7.307780399234469204e-01
1.000000000000000000e+00
-8.676679824250228545e-01
-1.631162726092847404e-01
-3.140962647854872447e-01
-9.379858844252628725e-01
-4.575412836549932472e-01
9.984785924244914401e-01
-9.739144486583627414e-01
-5.063774135474798932e-01
1.000000000000000000e+00
6.630226566861614490e-01
6.757937642526947730e-01
-4.364215970222049545e-01
-1.829719332006764509e-01
7.535757290913975837e-01
-3.673655513145188678e-01
8.499065571544084374e-01
5.137934682024475341e-01
9.556011084433028158e-01
5.335338749401773439e-01
-1.200088393193137759e-01
-8.659920187131283642e-01
-1.000000000000000000e+00
7.790111265412813513e-01
-5.169969934685892943e-01
-3.093905444811620442e-01
1.259141387759168396e-01
-7.053902639788589557e-01
-8.292573520670940557e-01
1.794821761837552265e-01
-1.000000000000000000e+00
-1.228261298164468190e-01
5.117767166727537065e-01
-7.666579658825335430e-01
-8.170516303528960744e-01
-7.070454340724668940e-01
6.038859018786588706e-01
8.324467613546042699e-01
9.883574231849071579e-01
7.907100426330697651e-01
-5.282708670575224641e-01
6.717910568882494715e-01
6.148628733276687575e-01
-9.380427834483002769e-01
1.528414775942258386e-01
-5.697062005261035456e-01
5.112851114915406558e-01
-8.198401125528407274e-01
-2.502856540699289756e-01
5.120796235955880071e-01
3.136377238889462848e-01
-1.300477386574652172e-01
-7.121571687132661754e-01
1.563880435732547536e-01
-8.192675215792812882e-01
1.588626082580970600e-01
-3.316748853388890028e-02
8.478292205979300888e-01
-4.989650826367146852e-01
-1.565427102793187086e-01
5.947251823892883982e-01
4.763795912292846380e-01
-9.756761439586956186e-01
-2.971029568936645049e-01
-9.699268834748038248e-01
-4.460487276174774363e-01
-2.409592909207416422e-01
5.437625369540969311e-01
2.997817405322895090e-01
-3.718478781691581525e-01
2.792218383290600014e-01
4.434217134488909196e-01
-4.462386987019584250e-02
6.321228817956068280e-01
-7.205670086300379751e-01
1.303539124558461548e-01
-1.485338107296764742e-01
2.228821116485528719e-01
-4.913894934782891966e-02
-1.000000000000000000e+00
4.116086002780843245e-01
4.197933660952820611e-01
1.254476516791336316e-01
4.241571069495078117e-01
-4.742332635458405554e-01
1.062805682824979336e-01
-8.371832691123619608e-01
-5.241065475805966045e-01
2.254901214484223981e-01
4.283225819885894126e-01
-3.814694830338629661e-01
2.154994367301956426e-01
6.812360306542770694e-01
-3.982906953102816061e-01
-9.240960366866504128e-01
-9.246036621152822210e-01
-3.128394235137317292e-01
5.317857404624170004e-01
-6.128630942005004467e-01
-1.502745213926774126e-01
-6.044817524158152544e-01
9.192318447400338322e-02
-4.110589595364492199e-01
-4.987861566971223404e-01
1.267543959735084602e-01
-5.739212371545813207e-01
-1.000000000000000000e+00
8.290196102017943769e-01
-3.093014609370899337e-01
7.943105090197004614e-01
3.551724078362201720e-01
-1.978617901042810101e-01
9.488905297357880242e-03
1.012907929727735468e-02
-2.750045941976388408e-01
6.031680540155497372e-01
-3.267319817706624274e-01
-9.056346443811349456e-01
-8.471963565932543183e-01
4.277541932803624047e-01
-6.347866009783875718e-01
8.752092373768074474e-01
-1.995666066369098518e-02
8.501826609757108244e-01
5.323046734170588934e-02
3.017840593068228383e-01
-7.338806893379756779e-01
9.537599009792743221e-01
1.000000000000000000e+00
-4.693089436182942276e-01
6.642211320938834485e-01
3.332189916565491683e-01
6.591198459193566839e-01
2.067344634761691946e-01
1.238532806229402650e-01
2.661313873682281672e-01
-9.207350967120797591e-01
5.254833982498916534e-01
-7.517624294048304012e-01
6.425760334466810164e-01
-6.724757808470843701e-01
6.237663998204696636e-01
-2.031095853322950617e-02
7.097687784044200976e-01
7.159769338722336007e-01
-6.975814391546514281e-01
8.724920431197112913e-01
3.310284875647429015e-01
5.410724116084715263e-01
-8.007453190043819502e-01
5.897800725744444250e-01
3.362715865747541999e-01
1.895934543344179879e-02
8.576501405188187155e-01
-3.850909698215113641e-01
1.453992209149727322e-01
6.727337818198924069e-01
-1.000000000000000000e+00
4.813559201336745641e-01
8.164610204662352544e-01
-9.338532462552453506e-01
7.296546866095857675e-01
-2.732572868739606697e-01
5.160635559806399097e-01
-1.558000282123947478e-02
7.554951829584044543e-01
-5.998346346359220149e-01
9.454120481983192548e-01
-7.197651033916596663e-01
5.893831231503072754e-01
-5.483967821769435425e-01
-6.361075275111240934e-01
-7.014191230747559569e-01
8.571159275703528202e-01
-5.768809317075407339e-01
8.328563251845353399e-01
4.785991542167127299e-01
-3.787659263681046329e-01
8.555746158444943461e-01
4.712163478865563082e-01
-2.482003479635852550e-01
2.919902817091870606e-01
1.141314136679403290e-01
2.151235055429256138e-01
-3.878956853251911419e-01
6.312838336770461023e-01
2.792374135692536896e-01
-9.282046891921237330e-01
1.000000000000000000e+00
