-7.694713171633890125e-01
8.820797966951936520e-01
-1.000000000000000000e+00
5.290081819057192991e-01
2.541845231570205033e-01
-6.024495046955917754e-01
8.025784001325226846e-01
5.142893436157667253e-01
-8.224574995161120228e-01
-2.895801466052023709e-01
-9.315046264809390131e-01
4.862247768663685576e-02
-9.547202668946990212e-01
2.479113208959193848e-01
5.990997799142712132e-01
9.581053645466883761e-01
-5.315542198778013816e-01
-7.184112584000934554e-01
1.956918130127993094e-01
5.037183487060314935e-01
-9.342181040447627982e-01
-6.487030689586982257e-01
-8.153858545417608239e-01
8.045844864182667422e-01
1.777772537348658588e-01
-6.961458621660224777e-01
8.214191413194210645e-01
4.208606292702090634e-01
-4.663547606562856024e-02
-1.822665150180680094e-02
-9.808483032249213363e-01
-4.889324054985736967e-01
-7.420054022383031356e-01
8.901402679108016969e-01
6.722737419676753923e-02
8.765133825262723111e-01
-3.898778202581194008e-01
-5.819247479038081039e-02
-5.220936560163931262e-01
-4.366090214460911501e-01
5.564621023923692622e-01
1.200624511530752336e-01
4.822163033943376309e-01
-2.544708205602881357e-01
9.370864077733669362e-01
-4.724922824812545219e-01
-6.812981808970672848e-01
4.026812824084853304e-01
-4.954308657841759445e-01
4.652803653968662356e-01
3.896443350759011270e-01
-6.192553680108188185e-01
2.630266773075314313e-01
4.235063575377249201e-01
1.965092824362482116e-01
3.242935484562470272e-02
3.580960623292570588e-01
-3.993416009423363944e-01
-3.354362447752558263e-02
1.064867019789792479e-01
-5.601791087706183836e-01
-3.370585094948317373e-01
1.689628023534912593e-01
-5.313755788697769322e-01
-3.386343320070779317e-01
-8.091007621283575757e-01
-1.931180989433975703e-01
-5.144091029858952613e-01
-7.357545041504457428e-01
7.082133119232714158e-02
-6.493686253072785686e-01
-6.595964974413479620e-01
-7.998497222602760637e-01
-3.291882391619138093e-01
5.053823910182921875e-01
-2.198834552423656330e-01
3.263479103025063166e-01
-4.989413018159564728e-01
5.108165083413340746e-01
-9.230962338068610107e-01
7.402972643573757505e-01
4.171113025934016783e-01
8.667347887500089776e-01
-1.000000000000000000e+00
-7.474091835964480346e-01
1.616826841217693378e-01
-7.429359547300800060e-01
4.964353541199637565e-01
7.809615885426380855e-01
3.507984036706732200e-01
-4.412023040320602885e-01
-7.573855645338625209e-01
3.219571503602082219e-01
-7.256574298759819186e-01
9.288708324153125417e-01
1.118925947509465946e-01
-8.510070493528554270e-01
-6.195497735505026693e-01
3.099731292304045982e-01
-6.844058543119033722e-01
6.127536205046810180e-02
-2.023568787606408181e-01
-6.707271895321587074e-02
-3.100469496614680076e-01
1.975013818448114744e-01
-5.121656119254454076e-01
-2.915407588454494991e-01
-1.881797278054158085e-01
-5.280101213940951999e-01
-2.489708948397102717e-02
5.283135526562474649e-01
1.064594706237297073e-01
9.643756503670020130e-02
1.638339148787154032e-01
7.833793458971127777e-01
-1.000000000000000000e+00
-1.000000000000000000e+00
3.981837736651276938e-01
-9.737663044560578296e-01
1.117206181012720956e-01
-2.273640363204445236e-01
7.730929802038704057e-01
2.502460868382938575e-01
-4.222537990951327203e-01
-4.250462260000759107e-02
8.531338088354858407e-01
-7.559150815279753743e-01
-6.365547978753200997e-01
-9.857812150504957627e-02
6.345225717548880207e-01
3.515641662314543670e-01
2.302734592794521973e-01
-6.982397079760363501e-02
-5.728555656279197272e-01
4.994153594020089848e-01
-4.479748550724298450e-01
2.212886614047365197e-01
3.838602514670111931e-01
3.048586587783534974e-01
1.891614803098252695e-01
-8.130744246055423563e-01
-5.347650279742155455e-01
7.868207599986016820e-01
1.093092826298676101e-01
-4.734449723089910744e-01
-3.211874440723662127e-01
-8.403563529843993685e-01
-1.091925119163580649e-01
5.040465594890606305e-01
-5.530907063074770313e-01
-7.265294102584073377e-01
4.844429177418854149e-01
-3.636710520172137251e-02
-7.347067874175094992e-02
-8.290140171361217725e-01
-6.842245473737995631e-01
-3.027453699847973065e-02
7.672077090536769672e-01
-4.957345306876902447e-01
7.509667568960567419e-01
2.351284717813111325e-01
-9.690046898190625146e-01
9.334599350778627347e-01
8.867046564977334455e-01
2.542068909741044824e-01
4.608126190881485229e-01
-5.213898353715524792e-01
1.792833822320660242e-01
-8.565638147391823054e-01
3.732749431644663551e-01
-6.217703299691822172e-02
-9.068405116283921874e-01
-6.392276266063126045e-01
1.000000000000000000e+00
2.314046295632603556e-01
5.426608411924641606e-01
1.171395002300199550e-01
8.715855807089902818e-01
8.893567121307414114e-01
5.681448945758797997e-01
-9.317106965474022395e-01
-1.936690799545076613e-01
-6.684336305263061107e-01
3.128770610752582559e-01
2.392656128045013431e-01
5.129073529458026692e-02
3.267882507436982165e-01
5.213318644394704382e-01
-9.452734460532483673e-01
-1.510387546893596222e-01
-7.673841585421290468e-01
-1.000000000000000000e+00
-7.317925819274799792e-01
-3.141004333632855250e-01
2.251491421380704683e-01
-8.771648534104928840e-01
9.148636115540571823e-02
1.736853096900070614e-01
4.602866674601013841e-02
4.619858726182237557e-02
3.786543725755678880e-01
7.217997296100979732e-01
4.885828496874595750e-01
-8.690587823735349549e-01
1.773082977037385710e-01
8.645111316456390860e-01
1.079367891794191792e-02
9.416440064700742907e-01
7.488990270963598039e-01
3.341818857265301812e-01
-1.256295296110124526e-01
-6.926008820989368875e-01
8.480755343702750526e-01
-2.739874041133056881e-01
-4.800009217752760904e-01
8.920291867089287230e-01
2.706943835586905767e-01
1.266227754163216646e-01
-5.767682768726573039e-01
-6.479093730525697925e-01
-4.680985094424310322e-01
-6.833658956609478530e-01
-9.755675503165541773e-01
-3.106967703759813126e-01
-3.882010305329208766e-01
-5.234715511550772638e-01
-6.990116506745961411e-01
2.287538163775841848e-01
6.326663271033922120e-01
8.007249444209034728e-01
1.000000000000000000e+00
-4.272189700143009805e-01
8.618207576342595821e-02
-7.556252968246899293e-01
-9.417330735261825181e-02
-6.748634184652175794e-01
6.422636610170562310e-01
4.375449359759424617e-01
5.903736036201406856e-01
-7.755572590933027533e-01
-4.356020698783048539e-01
2.692400450321092986e-01
1.125831528873761922e-01
-1.802603353632594718e-01
7.031845275826231756e-03
3.209915471199069614e-01
-8.956922648837530865e-01
-8.556369620261646824e-01
7.238828343471515048e-02
-9.730433340127415676e-01
-1.840637150482369311e-01
8.264260734936280661e-01
5.644167158050099609e-01
-9.762923812244626021e-01
-5.262829172110379261e-01
-1.098015746487621680e-01
7.436362219585188615e-01
-4.164822218348079863e-01
3.182586085798342346e-01
6.600016476096566276e-01
7.036477577727413557e-01
3.012185094321762069e-01
-4.722934486834995949e-01
9.811940132406691273e-01
4.160859580814959546e-01
