-3.921618306026688483e-01
8.737823900367915897e-01
1.250828977819904986e-01
-4.441955181939174491e-01
8.228280916589068017e-01
-9.764071762803822052e-01
5.078814459302165574e-01
-9.408656134394289827e-01
-9.827045205646713910e-01
5.615590215825430054e-01
7.044409959640894892e-01
4.788014591981408219e-01
-6.557435446247057431e-01
-2.080119941182912713e-01
8.895432655346996453e-01
1.000000000000000000e+00
6.687674949832418392e-01
7.082055366986850231e-01
4.882058160031705896e-01
5.101924368127450649e-01
-8.741965387659413889e-01
1.957941489584174855e-01
-2.120744909357508701e-01
-6.709638723695653117e-02
4.300832295309762188e-01
-6.944579113986235619e-01
-3.578702200227237284e-01
7.397000947590234299e-01
2.669987340209493687e-01
-2.486556511759256127e-01
-7.461467631781009135e-01
6.829671277853288647e-01
-7.703930870721675817e-02
9.790562822116601893e-01
3.527080912069907592e-01
6.192272939175319513e-02
6.047931718875529938e-01
6.654745447410331805e-01
-1.000000000000000000e+00
-4.456863360935621743e-01
9.367027865289071498e-01
-8.780453008724199426e-01
8.834221650787303648e-02
-7.819031936895326496e-01
7.327591853348509876e-02
1.004739493374492976e-02
4.853288352411775364e-01
8.178107169380924857e-01
5.708798744155263449e-01
4.878598069042104357e-01
-6.624261438738565655e-01
5.317560394030349524e-01
5.034868385236328514e-01
-2.303716181862452972e-01
7.184704677951722074e-01
1.090154680155196593e-01
8.129937477586015593e-01
-1.200392058665972761e-01
5.469180658233214753e-01
-1.069609528768108858e-01
5.394677648298373818e-02
6.883566568376285888e-01
2.585892706662666907e-01
6.054746895804393736e-01
-1.470048670231628996e-01
-3.345159489548771292e-01
-2.265784692974409653e-02
2.761074824394135763e-01
-6.772837864005043507e-01
-5.292021881228234914e-01
-5.232345235512568804e-01
1.000000000000000000e+00
-4.349518484592420492e-02
9.848543052486524729e-02
-7.897115249881320187e-01
5.326332448966257793e-01
6.852914900988714697e-01
9.094319150797686158e-01
3.892021910837912269e-01
-4.753158451662030659e-01
-8.086850292692115971e-02
3.219715789942887985e-01
8.867836491926106568e-02
6.392222563274478908e-01
3.389495353944708689e-01
9.245798704363568099e-01
-4.090906659702631676e-01
-4.011090912211905390e-01
-5.378265108435775765e-02
3.270652341411055541e-01
1.054441940243514425e-01
7.074340630628858095e-01
-8.604935403267601757e-01
-6.805518447659261727e-02
6.879730841960128851e-01
4.975714583087242904e-01
5.231525487826552689e-01
-6.497260463922427398e-01
1.001548277927118424e-01
7.461235436735980109e-01
7.051793539181195891e-01
-4.176153072933518340e-01
-6.907332960081996598e-01
-2.406013760887051878e-01
2.918439711045224261e-01
6.478787144774303952e-01
-3.270314458422081128e-01
-6.386363277907225466e-01
7.224389630431446996e-01
3.162814961586612461e-01
5.885514438528903491e-02
1.000000000000000000e+00
9.454513721859038045e-01
8.063869573298123594e-01
-4.222028736434377816e-01
-1.000000000000000000e+00
-8.327138355842182982e-01
-3.622050469435406095e-01
8.404386987526880626e-01
-2.538375981470332721e-01
-9.392883208147929652e-01
4.325698753170568178e-01
-6.415831490487320377e-01
8.232909063117541670e-01
8.703859064203169904e-01
4.184885124931010947e-01
-3.480688421732371363e-01
7.208006358810123970e-01
-6.170497935064935824e-01
-8.064823654150299337e-01
7.275980919808308078e-01
-1.000000000000000000e+00
-9.090739753496206443e-01
2.395868723548351120e-01
6.518973001708141535e-01
6.416305772841865984e-01
7.112239247670870679e-01
-8.181666145911680177e-01
5.350543436559329624e-01
5.565442566608039821e-01
-5.009768281786171062e-01
3.618571127101645191e-01
-4.027089548832751831e-01
5.964664891136586267e-01
5.868905430473485563e-01
6.736524788310520595e-01
-9.575185181134797663e-01
-4.811441575335890231e-01
-3.646715962514582854e-01
5.253596000869825700e-01
1.021690814399496827e-01
6.679927454602163639e-01
-2.346853726808576235e-01
8.678503079298764689e-02
-8.798313983703348606e-01
-1.565288633792218664e-01
3.684232453313426858e-01
-8.187656484999643602e-01
4.130564545927609132e-01
5.937702698108346944e-01
3.311593812575180928e-01
1.670801515030022888e-01
-9.973900405958824322e-02
6.607575686455660069e-01
6.290399426920709747e-01
-1.820445954043515835e-01
-7.102266880350219802e-01
-3.054887877256229345e-02
-6.843428210481108387e-01
5.195580179566077206e-01
5.863892855066213938e-01
-8.995903401617535433e-01
8.393180074105051069e-01
7.705296650088411248e-02
-4.111073900151664962e-01
5.535414977096789757e-01
-9.956369560472735358e-01
-5.985368409971232317e-01
8.457983327701799059e-01
-6.511133060821866492e-01
6.029003851416152582e-01
-9.830706315230419712e-01
9.361822219147361568e-02
-9.398244980749748123e-01
-6.761677494636162411e-01
3.405566600168812297e-01
-4.063472177700191978e-01
6.922212169464783127e-01
-4.520159971103412944e-01
-2.138813122879644202e-01
-6.596421262015284004e-01
7.154451037291553739e-01
-1.391369151842007934e-01
-3.502370374199460512e-01
-5.644588115238973192e-01
4.322599063405756503e-01
-1.000000000000000000e+00
1.688151636722177162e-01
6.599125075467345836e-01
3.634026471144579662e-01
3.408598143111489787e-01
5.005249497862261920e-01
6.252805481674861277e-02
4.422459839614023558e-01
1.228577047603297834e-01
1.000000000000000000e+00
4.465289173765106256e-01
-9.878174052758305068e-01
3.521116966647206414e-01
3.757370342405371710e-01
-1.932896200003570986e-01
-4.077050279382754550e-01
-6.772870884859921725e-01
-3.445037207128826690e-02
1.792208073427172810e-01
3.650668201287461390e-01
-2.093413091063802134e-01
4.405795333614668796e-01
-2.774730177969422229e-01
-4.010311008022494628e-01
-2.971057355709852965e-01
-6.668244873795335925e-01
1.911112990010753188e-01
9.052027730566111208e-01
8.060750030228226448e-01
-2.235510606783552845e-01
-2.678616059687202178e-01
5.824327318933010256e-01
7.732688192591596898e-02
9.921904932928216070e-01
-7.319875361373018308e-01
1.000000000000000000e+00
3.443572153239330413e-01
4.606973135219096793e-01
6.865163002023605410e-01
-5.637478675127396976e-02
-1.010003186259706975e-01
2.772882404968059489e-01
-3.155609826509385707e-01
-9.340884233671349346e-01
-6.956292866726634383e-01
1.000000000000000000e+00
-5.086686137546544417e-01
-4.534432969843882333e-01
6.375920680741982149e-01
-8.790970651413527737e-01
-7.304212179174245367e-01
1.564778870606383931e-01
3.951162709938005335e-01
1.000000000000000000e+00
-3.534368118490908706e-01
4.757675591896305956e-01
-5.942210169915945750e-01
5.844365473338999362e-01
1.744426680341713554e-01
-4.690220462178924521e-01
-4.153668639111152139e-01
6.375102131144931850e-01
2.910025165833834970e-01
-5.127949836422208696e-01
8.923302039655023332e-02
-1.288422342142557242e-01
-2.258395250473164140e-01
5.688019782385320827e-02
6.258981045156892797e-01
