8.046482533654960578e-01
-3.756332480364332760e-01
-5.696297888779744412e-01
-7.965042800678502344e-01
-7.579579699548343319e-01
1.204601634277882027e-01
2.173080100302558215e-01
1.000000000000000000e+00
-1.407543643866004945e-01
4.908508065822225208e-01
8.718261564970469779e-01
-7.296471417720374886e-01
-6.956182822738898874e-01
1.000000000000000000e+00
3.599559771707361300e-01
-5.105945456082605638e-01
-5.362519802092946541e-01
-3.821848583797244903e-01
-8.703996439135353036e-02
4.963319377418476397e-02
-6.024523698336917699e-01
-4.441180816282523924e-01
-4.023622042528001153e-01
-5.616413241515552102e-01
4.279882041622076194e-01
-1.095238818486575089e-01
-6.161604768263634346e-01
-4.436897893906361356e-01
2.643956856533435928e-01
-5.474217178722436961e-01
1.987478320291116152e-01
5.560686511486858663e-01
3.692234630416078855e-02
1.000000000000000000e+00
-6.860888145919502579e-01
3.893082939185634750e-01
6.343365046878953750e-01
-2.876061297786851045e-01
-5.656178141537788751e-01
8.987672374586095358e-01
1.077139864329835078e-01
-2.585500293629950930e-01
-7.712200423884419953e-01
-8.601655479893492995e-01
-9.670008344827483171e-01
3.209829851592745920e-01
-1.273814941808292245e-01
-8.482152889657720296e-01
1.920926878434163765e-01
4.778143379671585533e-01
4.556996810604025394e-01
9.630007523270818215e-01
-5.545599420591705853e-01
8.585489771534035031e-01
9.849704029271351136e-01
5.419624222654148005e-01
2.497590283308901427e-01
-1.000000000000000000e+00
1.288122024000384336e-01
-2.534050273221732930e-01
-7.492523231433141362e-01
-8.295659047543639808e-01
6.223506746651491506e-01
-2.429618282729162360e-01
3.669617029091201132e-01
-7.298405141273938135e-01
-5.500438004034493567e-01
1.777580936587717098e-01
-3.554979941345715044e-01
-8.851891978796520011e-01
7.012633314445123611e-01
5.552783403608613916e-02
8.801702048799108224e-01
-2.441103966400560155e-01
-4.933100427404599753e-01
-6.929544718107114587e-01
-7.559109690896267386e-01
2.963327182883118693e-01
-4.369924564026705927e-01
-2.558488414802924105e-01
6.846395624694125992e-01
-1.438818218016728601e-01
4.444358196564645036e-01
-3.771671378587677648e-01
-2.856213037157797618e-01
-1.156956554031164652e-02
5.774807007508435674e-01
-8.731606716295282622e-01
7.674241229052762847e-01
-3.512934911330841681e-01
-7.758431376521603973e-01
-6.772349510488042679e-01
8.024975796967555031e-01
-7.558719950830765644e-01
9.276333406612274901e-01
4.917201269504791750e-01
5.220579686335526937e-01
-8.755108680720716241e-02
-7.243889862999577378e-01
-3.245226879112286245e-01
-6.878953144387425223e-01
6.045176545888180097e-01
8.916382017027337792e-01
6.222740578781139897e-02
4.706828455335434480e-01
2.805906905664429241e-01
-7.256694748967185138e-01
7.521356308420616976e-01
-6.084066546830926847e-02
-5.778822841774372554e-01
-6.797163981566107793e-01
1.564855383380543419e-01
-4.227878311497665909e-01
8.834928574404963264e-01
-7.564316993624249363e-01
-2.087486536498434353e-01
5.895095918157672310e-01
-1.629529709267374393e-02
9.556333534040385436e-01
-1.321206761137319885e-01
-1.891188528212091047e-01
-9.112315143050435662e-01
-1.408406715802552611e-01
4.544743602060259957e-01
-8.132990421908187217e-01
8.878945932310460670e-03
7.853883495661547753e-01
5.384360902632515655e-01
6.013713797775884773e-01
-1.494470862300197322e-01
-6.563936772768605987e-01
5.259357940181415003e-01
-4.051783277162742114e-01
9.042563170486536128e-01
-2.123435655442953429e-01
4.446200926117513941e-01
6.641480505594341555e-01
8.195634424926374617e-01
6.066123352616010767e-01
9.178002739117430142e-01
1.917009680634038787e-02
-6.143371989112300646e-01
-9.532597399740366795e-01
-1.000000000000000000e+00
-3.295679647872069018e-01
-5.095964155117282957e-02
2.431390822455958833e-01
-4.825363663637465272e-01
-5.374182415949185776e-01
-1.497443798283124572e-01
-7.059321267488882778e-02
4.505255989372533576e-01
6.446192912923017770e-01
1.000000000000000000e+00
3.171321746333939928e-01
3.525457535983078095e-01
2.363031090699316272e-02
8.063220851463724637e-02
-1.000000000000000000e+00
-6.697250889681028996e-01
8.697584315325175286e-01
-8.531878130623157808e-03
8.916443097610111668e-01
-1.233224479450567568e-02
-1.107222276976017605e-01
7.193989327260087441e-01
-9.942434468398211322e-01
3.269775972326013913e-01
-6.981675787644142650e-01
-2.761533276972295836e-03
-1.399434488583344849e-01
1.000000000000000000e+00
-2.763921324638505261e-01
-9.000299222741523497e-01
7.762990016338353616e-01
-7.930576915356740697e-01
3.804824871538092790e-01
-9.297395617325324713e-01
-3.873512376844971405e-01
1.959418419272086764e-02
9.797478179112620311e-02
-5.174603071544412458e-01
-6.503956849448064848e-01
8.469595407287210387e-01
-7.508582236354969242e-01
3.969286798711035846e-01
2.091831862069249981e-01
-9.628000903181463954e-01
4.100640929674472801e-01
-2.896783747203193204e-01
-6.408314750010924987e-01
-7.398564695034902661e-01
9.005455377701934161e-01
-2.997236786274106723e-01
6.561161544111255850e-01
7.912088920292926764e-01
-5.978665682208712528e-01
4.280334366826960002e-01
1.000000000000000000e+00
-4.589451953395451422e-01
-9.872378670824402125e-01
-8.521826756786837764e-01
-3.598201871592541234e-01
1.782837122590164025e-01
-5.913335927469717257e-01
3.624978690106170909e-01
7.013051923303899038e-01
-5.450732613459119413e-01
5.939412574879596729e-01
-9.664595050133706344e-01
-8.429032557670032011e-01
-1.318847603210607233e-01
6.510308123517339896e-01
-8.204765853038439860e-02
4.723755574362388243e-01
6.069034825697425806e-01
-8.914710712320912389e-01
2.489454707628079022e-02
5.526251746134971388e-01
-7.600787414090298677e-02
3.550352228819896316e-01
7.202251711868951078e-01
-5.881569177257687242e-01
8.965503882135927860e-01
6.637359690624626829e-01
-6.052108937178555248e-01
3.429892946366680517e-01
5.672341688294300077e-01
8.597536955375684187e-01
-3.359660943048068393e-01
-4.665151329489476417e-01
7.808313363334351553e-01
-9.063447887770603728e-02
7.006611496480128487e-01
-5.740003393680677135e-01
-1.548484535193893619e-01
-9.576890775680519940e-01
-8.214811857136911089e-01
2.198273633485982592e-01
-7.601994625064729671e-01
-1.436062469057612923e-01
-2.440058522831631826e-01
-4.475150992515699033e-01
-2.343194350902176315e-01
-4.971085577759328800e-01
8.237560551098507267e-01
7.314814903912378874e-01
-6.636893421794775039e-01
9.298229089116979429e-01
5.245109881213256831e-01
3.137186690706087466e-01
-3.860291244574609593e-01
-3.387337729537058806e-01
4.165943584858896598e-01
2.542543019528573645e-01
5.500229769903460797e-01
-9.113679582986332350e-02
-6.165774132249322026e-01
-1.000000000000000000e+00
9.797987468282716161e-01
9.985532540363033505e-01
-7.331325765808237582e-01
7.787604130289556004e-01
-3.781095037688567140e-01
4.307957046862792017e-01
