-6.267618458682896465e-01
-1.660967388374552378e-01
-2.592217559744436350e-02
6.348471177497241325e-01
5.945222890275889682e-01
-3.834617172360296755e-01
3.439665873816717401e-01
-1.966867604180557449e-01
4.177981630059077744e-01
5.157443331141950971e-01
1.961197913241219393e-01
-5.013077442443638621e-01
1.467019681435921541e-04
-3.931174084882176345e-01
-3.297137048535660198e-02
-6.977122478007143913e-01
-8.214597009053627996e-01
-5.846496694810002781e-01
-1.000000000000000000e+00
-3.143909297102307487e-01
-3.676089267028674890e-01
4.855273606506865791e-03
2.110292656933780153e-01
4.325870121015889525e-01
-4.621512566827346014e-02
7.621254669025739892e-01
-9.568703430364370321e-01
-5.719701082757756572e-01
-2.777472671170393426e-01
-9.862667949836869674e-01
-3.530799256613642578e-01
-6.762581364330053635e-01
-6.734570463696132325e-01
-3.322545696392786851e-01
-8.559039295269175174e-01
-6.138932275008390782e-01
5.779086402120541255e-01
2.373367101800942791e-01
1.472444696292753985e-01
5.040330717734546884e-01
-4.476987130152187966e-02
-4.979158981461141997e-01
-6.691524169949794043e-01
-9.880846881961539152e-01
-6.042689563583705237e-01
-7.024908594041037180e-01
-5.852232609130489926e-01
-4.802639447221626057e-01
2.914953200974630398e-01
3.565604676929361450e-01
-8.526653821717686821e-01
2.121959553672856380e-01
6.988313215572161674e-02
8.149404976675278522e-01
-5.654740869031983364e-01
-4.726669391994775538e-01
-5.676156850117929364e-01
7.383733029915245938e-01
-2.760995638985781486e-01
6.204168006962582638e-01
1.000000000000000000e+00
-7.262962320308281594e-01
-9.250830368139033311e-02
9.982409121185598089e-02
6.737269940598731299e-01
-7.807958579601845805e-01
-5.124168328856434362e-01
4.643157687365830899e-01
-6.432009253844379604e-01
-4.313175818596133304e-01
-2.746327177577896628e-03
5.702073693908339402e-01
7.218760383688334059e-01
-7.066654973085145786e-01
-3.082361365918694918e-01
-3.566654301809599192e-01
9.027499458611969452e-01
-2.998922781654050351e-01
9.299238264199073400e-01
9.333496159987733076e-01
6.738229590675870462e-01
3.480723483189107625e-02
1.096048255004844485e-01
-2.730228819352462644e-01
-5.685174313348241304e-01
-8.788102563560784564e-01
-5.627618388657068538e-01
-8.701241204727183653e-02
-4.825335281899845175e-01
2.437581807801036116e-01
-9.833387744944923625e-01
8.493118197833178229e-01
4.547315734880029714e-01
5.129188687704813177e-01
-8.326808536614860312e-01
-4.212914888903962485e-01
-3.401532707333104200e-01
-5.569707028919494984e-01
7.027270179935102279e-01
-3.227217496556278320e-01
-8.226191557772597474e-01
2.767014981209269808e-01
1.842300493736162004e-01
-6.350602887391185725e-01
4.784117950425414989e-02
5.242184520585744245e-01
-1.263575225836129357e-01
6.334440995387212725e-01
-2.324662570414748330e-03
-3.018099881429450182e-01
1.000000000000000000e+00
-7.260611133185909116e-01
-9.136651138723607124e-01
9.186443615223343073e-01
-6.081936416462286887e-01
1.578500514126313092e-02
1.198812300945910486e-01
-9.100435093346799231e-01
-2.642037675394454666e-01
6.931360310145517900e-01
-4.650596559535310481e-01
-8.523347101799372272e-01
7.581903923554592639e-01
-2.488403265918588680e-01
5.212614705110114599e-01
-4.628816398801445242e-01
-7.719535503663007558e-01
-5.127591039630702285e-01
-1.577065933350971783e-01
-6.447403754303225876e-01
8.958488203840933028e-01
-8.529535722568311051e-01
-4.387553370025849553e-01
-8.245381102913677818e-02
-4.740973543866967566e-01
4.634916525901737749e-01
-5.106195484643651084e-02
-6.670084209291525790e-01
-8.519417275318390548e-01
-3.576661856841683029e-01
-3.042708251794165597e-01
9.208652359723721315e-01
7.605423254679101186e-01
4.815146226056629120e-01
8.922106354477575829e-01
-1.200656846142225398e-01
4.169511989332831403e-01
7.715716828092904211e-02
-9.010135973167884282e-01
-2.291437793191902217e-01
-2.310542455946982265e-01
-4.198172501761818776e-01
-1.626094399506665678e-01
7.254845527282333117e-02
4.402435388925404758e-01
-3.857250525694342347e-01
-3.917536128502892012e-01
-1.784062806619519381e-01
-1.000000000000000000e+00
5.711645933477405013e-01
1.648239404805410813e-01
-1.838295777048570834e-01
5.061870017450718073e-01
2.130665122446665782e-01
-4.974892599666583815e-01
-7.508243779293677367e-01
7.380973879321688358e-01
-6.073390533557985194e-01
-8.626512868473599216e-01
2.364682242793076927e-01
-5.544988391959436713e-01
-7.731257472336290348e-01
-6.135878338069709059e-01
5.816768965788897683e-01
4.594483523537846725e-01
4.277380626805518116e-01
4.491391010365808345e-01
-8.150057241469217395e-01
-6.869544050740797325e-02
-6.710596207663661605e-01
9.076527910414777800e-01
8.511833187043114091e-01
-6.310435739806328215e-01
8.351669282511322567e-01
7.302778684835277145e-01
4.006293718472004883e-01
-8.175265312429970121e-01
8.536499191600269154e-02
5.989526651737769880e-01
1.910580353229691941e-01
-9.268583865753754480e-01
-4.707279728312769862e-01
9.633375457476055503e-01
4.300320570133930320e-01
-9.530852034814798479e-01
8.152309703154217990e-01
2.712836432741232429e-01
-4.663582784067328846e-01
2.186096262732473150e-01
-2.105106778406812540e-01
-5.379257047818978288e-01
3.514290949624868654e-01
-1.719418952505333831e-01
-4.382984418037819130e-03
-1.000000000000000000e+00
5.622912171999840947e-01
-2.771012432002790682e-01
-3.111730981642403249e-01
-6.649267725324514711e-01
-4.446473299641838239e-01
3.479337613843678234e-01
-7.542937953534570306e-03
1.429439268289292575e-01
7.730903888138906943e-02
-5.130638759391749071e-01
9.178104725540325859e-02
6.791921647025995767e-01
-9.424814476327316726e-01
5.060793064420414655e-01
8.364817069771443014e-01
9.152631473533964224e-01
7.917881962456252420e-01
-3.211795360791989129e-01
-4.870941730965147598e-01
-2.959412358316770159e-02
-9.421493909315636905e-02
-7.517531227951493866e-01
-2.578188398614470467e-01
8.132882622957454677e-01
-2.143151450834324123e-01
-9.034199585706194080e-01
8.665756007200999811e-01
4.554889089566716009e-01
4.062946957920617885e-01
1.557343388772971515e-01
3.897681440706846773e-02
6.718061765465788149e-01
6.494154390337336658e-02
5.839916094237023181e-01
3.034989454578715939e-01
-6.999658727490257748e-01
2.439398987938435348e-01
-7.215978784452031780e-01
-3.894130210197634945e-01
7.049004559640270617e-01
3.949576601537987952e-01
-1.284317485130264114e-01
8.568474455165613346e-01
9.607564254228087020e-01
4.600988944860651131e-01
6.759161626963221536e-01
2.984474394866072355e-01
7.829603438184938868e-01
7.561508364927239656e-01
6.554209254594864920e-01
3.358413452866573778e-01
-2.939889235081630248e-02
3.338754607498205518e-01
1.000000000000000000e+00
-3.772656827689956360e-01
5.699829696828384584e-02
-7.878050313468697441e-01
2.727101729391490093e-01
2.273636942247307391e-01
2.958448889049383190e-01
