7.495724322384131888e-01
8.695858126455923154e-01
3.452488706751299929e-01
-4.038983728603072199e-01
-7.887857419070877230e-01
3.188144956693381160e-02
2.552111732499284247e-01
-9.201015370397411797e-01
4.281106901638507267e-01
7.696330673394596866e-01
-3.384627167044298446e-01
-1.910166674880298121e-02
3.624016052342087235e-01
9.327386382614328841e-01
-3.150083350463586118e-01
-2.242784122896258198e-02
-2.348416036655737449e-01
-1.950942837558262699e-01
8.678735714132128631e-01
-6.709168564925956924e-01
7.754847350432494402e-01
-4.734740235769601124e-01
-6.080122964199112801e-01
-1.649045802091431701e-01
-3.670099958187038602e-01
-7.472346770616826728e-01
-4.826100489794202808e-01
-9.288224986861903787e-01
8.520187487716600616e-01
7.186420485874591702e-01
-3.039570991747297946e-02
-6.759909865365975046e-01
4.624898881949298657e-01
-2.308951610476348559e-01
1.945593530364128632e-02
-9.958589059664800791e-01
-6.532980930328753377e-01
1.000000000000000000e+00
-2.062728296931420346e-01
-7.889244525868157609e-01
-7.910347080181345802e-03
4.596759537931288109e-01
6.414794854610944563e-01
-1.809455614508759247e-02
-6.603576198787669549e-01
6.741018372463075670e-02
-7.269746610303107204e-01
4.926031973933536201e-01
-1.971743669879224836e-01
7.706970651218046919e-01
6.499513384748165645e-01
-6.092481928661813706e-01
1.177935577036868103e-01
-8.897694587889009021e-01
-9.361353186289576023e-01
-5.824996653044751671e-01
5.815357211353784361e-01
4.073065038737229138e-01
-7.938156961442962567e-01
-8.377518611539436222e-01
-4.887183767544966972e-01
4.609152795670511393e-01
-6.669241901122030525e-01
-3.801880064558256778e-01
7.073734187313245325e-01
9.083043003960541428e-01
-2.042917550368247293e-01
-5.710110769546390408e-01
8.253705734810858896e-01
7.496564205393292379e-01
1.006970606820889458e-02
-3.512825433079630466e-01
-6.466966808661556154e-01
-9.481974493720977115e-01
2.823196848303868856e-01
5.360179606357445836e-01
-6.919375368377189695e-01
-3.703581461368511962e-01
-4.364146163815181279e-01
-1.000000000000000000e+00
6.166249777925006947e-01
-8.124211632886224610e-01
-1.746327291125115977e-02
-3.756962575048654607e-01
8.685002752211241628e-01
9.421619278718107449e-01
3.899653931619375125e-01
7.540022403590861400e-01
-1.767638987766630976e-01
-3.442133179459320735e-01
6.592168424399579285e-01
-1.213840251687362537e-01
8.768169630403488402e-01
6.649421086173837869e-01
8.306414716740477822e-01
-8.593271433483113952e-01
1.785689835539376602e-01
-7.738591411258011199e-01
-4.794299296951867184e-01
1.971999225734595296e-01
-2.947380499713871393e-01
-3.742424955094941219e-01
1.954196421472721990e-01
1.420227483484044484e-01
5.468490508765533331e-02
5.253738466227045878e-01
-4.533420589485197549e-01
-9.461256434632201451e-01
-5.039273786513694953e-01
-2.277510478791524573e-01
-6.082586117606869625e-02
-4.174789910208073773e-01
-8.955303050325990055e-01
1.436934613510729708e-01
-1.251343163954247162e-01
5.814619364721097527e-01
1.385701023038707347e-01
1.000000000000000000e+00
2.688652205647581450e-01
-5.533809252777077692e-02
-4.027110488613219186e-01
4.243137437408135426e-01
-5.141863400933136541e-01
1.633307693269215322e-01
-6.941205398877523525e-01
1.133588051799119256e-01
8.919999838759511412e-01
7.471840032207044402e-01
-7.093070850917713166e-01
3.491868564841108524e-01
-4.017299157130538867e-01
3.837199946735386086e-02
5.082682342258912911e-01
9.912380819998920511e-01
1.198336247093376855e-02
-3.640831825722270487e-01
4.440087381841078540e-01
-5.804855689966272880e-01
1.634298779700267268e-01
2.598129469704872907e-01
-7.061700420205725415e-01
7.571369967228336328e-01
1.671227586909305174e-01
3.515404198401066438e-01
1.000000000000000000e+00
7.167659742532365152e-01
4.731758723911330122e-01
5.928187809564360311e-01
-6.997619109754047440e-01
2.543080963602988298e-01
4.090110156802186925e-01
2.291055605698588682e-01
-9.876225732600245333e-02
-6.242630476037818177e-01
3.008301631007508359e-01
3.074336422092197041e-02
9.615074067193829510e-01
3.974626440433920993e-01
-8.223126794900259551e-01
7.652236935315545052e-01
-8.783813730594497438e-02
3.036410093260366594e-02
-1.000000000000000000e+00
7.739420794627127620e-01
-6.213558517847717066e-01
4.476476991288702578e-02
-8.509968108173845969e-02
-6.080200648906995964e-01
-4.260219415361458095e-01
-6.888934126148433812e-01
-8.620772131925029669e-01
-4.712178382564281010e-01
-1.000000000000000000e+00
1.541604205862044386e-01
3.221381438993488611e-01
-3.381027253602558735e-01
-2.866327199501330636e-01
1.318624476470437457e-01
-3.306215763668348684e-01
9.757482946859408202e-01
-2.279691970498430309e-01
-6.683316364402864806e-01
-4.968174620568042710e-01
1.311285264400318951e-01
7.727964133302169802e-01
-3.654415682696836587e-01
9.866494665727056912e-01
-3.032423668738519762e-01
1.138627106205314377e-01
-8.768647658479326035e-01
1.443232828312295268e-01
5.791474667319278513e-01
-7.727681691875298853e-02
5.598148881613050909e-01
3.018954791053755637e-01
9.001703830091956071e-01
-9.264018147829636285e-03
-9.511817370404194172e-01
-8.447242758342484725e-01
9.836898970587344415e-01
-8.679675476254274935e-01
-2.160279370989319769e-01
6.282321683188869521e-01
-7.864714884714254506e-01
4.244988130456786579e-01
-9.702547648152225479e-01
9.122370822113463618e-01
1.000000000000000000e+00
-1.434160406302900093e-01
-2.158464294617859491e-01
-7.940614364322544638e-01
8.571025412221126016e-01
8.665804527129543633e-01
-5.168280814994787864e-01
1.658464712973450050e-01
3.434366782471232615e-01
-7.917727631218767215e-01
-1.641426498159854752e-01
-5.113550695471995589e-01
7.636426585658518951e-01
-2.130269558401638452e-01
1.944235840250249647e-01
-1.000000000000000000e+00
4.002149727028184722e-01
-1.585155183742628926e-01
-3.537927622052809973e-01
-5.548743563288034419e-01
7.634415861992085439e-01
-6.443129386687236337e-01
7.316131588405179187e-01
-4.345696372170917976e-01
6.264710036289216077e-01
1.709416873672831294e-01
-8.376632611676209095e-01
-5.730210133991570087e-01
-9.929441203747554900e-02
-9.663372734496034067e-01
3.888402036941629447e-03
3.176484215354069551e-01
-8.096454816522260511e-01
-3.292960089649935584e-01
-7.764342380770865581e-01
5.531961862999722895e-02
4.850515233104912838e-02
-6.303743021911432098e-01
9.555837787501828551e-01
4.331528779206313962e-01
5.191682669794313032e-01
3.914811879821292750e-01
1.577563888332018660e-01
-8.293338153713691874e-02
4.986754086207311198e-01
-2.713097176862688253e-01
6.224668646335453914e-01
-1.000000000000000000e+00
7.838524361542664742e-01
-3.769259444229583478e-01
-3.620871387793290763e-01
2.976925178591727783e-01
6.282964693881958329e-01
4.498253007163545147e-01
6.034829642705265007e-01
-9.525711929848186543e-02
2.865058195846315048e-01
1.759312774696687731e-01
