6.708858873627097097e-01
-1.730283146418785112e-01
-4.976626606112961593e-01
2.466077705807915854e-01
-6.083416293232343230e-01
-6.013230545119356840e-01
8.816774658672573706e-01
-7.674293336999689075e-01
2.903696173282241944e-01
1.995249236834191128e-02
-3.854828636926677099e-01
-2.622273360167648448e-01
1.204076387168981910e-01
-5.336782410963738510e-01
-3.051906212504860161e-01
2.534413890389251023e-01
5.315036808628719189e-01
-2.609443469952742525e-02
1.925431519632240795e-01
-4.969590288560668534e-02
-9.994755286201604250e-01
-7.684853097659181120e-01
3.499921257543536224e-01
5.680998375155956737e-01
3.408105681430935174e-01
-3.314641057492166004e-02
1.482161746240863442e-01
1.855811737154862695e-01
5.741543395489316914e-01
-2.388552562212630237e-01
-6.960667492610601581e-01
6.862950576151543025e-01
5.283713298714947104e-01
-9.009039211509624057e-01
-8.232766681405796483e-01
9.876412784892338870e-01
6.289934455109627565e-02
-6.740276705670797952e-01
-5.249725704820284999e-01
-8.251501189889748344e-01
-6.499270084857865504e-01
7.255076986560964336e-01
5.870028071127390001e-01
8.215259993096573066e-01
5.231696847881095458e-01
-8.451545793451860078e-01
7.627255491420978917e-01
-5.317834803237311281e-01
-9.210094209376235019e-01
5.407658201072179649e-01
-2.726731690934511287e-01
-8.181764497181042151e-01
-3.505159727309876683e-01
1.842810955481042345e-01
-3.042822197150276686e-01
-4.281155459044324596e-01
6.868843751876634318e-01
2.787226818953345564e-01
-8.713825798639911469e-01
-7.743755722847300849e-01
-7.707259631557694668e-02
4.451854271547566189e-01
6.095202140883517750e-01
-4.455948434407752679e-02
1.000000000000000000e+00
6.309165646147987805e-02
1.824726720676912717e-02
-1.895068145002791471e-01
7.618128755232375093e-01
2.528981944603689858e-01
1.495625773723148755e-01
-4.300416854883521989e-01
3.721179964601764589e-02
7.598247268661407761e-01
9.990459422977528980e-01
-2.404886523024430400e-01
4.657168537599885583e-01
-8.419442892309834114e-01
-1.660454340111520155e-01
1.239708812000754889e-01
-4.918841019223037514e-01
6.593387453742547422e-01
-4.475302736324759945e-01
-6.290506095811749798e-01
-6.326945176397635873e-01
-8.448826686843180500e-01
5.211540840460092694e-01
-8.809871721059625571e-02
-1.504035135819245528e-01
2.356009333778974479e-02
-6.553301620077121026e-01
-3.456124722647853642e-01
-3.567121515800279474e-01
8.014450494904801214e-01
9.545997811338489125e-01
2.358137837344655707e-01
-5.511343671164052882e-01
-7.531937023873188641e-01
-3.162683805358382227e-02
7.487332517232014872e-01
2.871060587323185365e-01
-3.199386987539073468e-01
4.299171117360424121e-01
2.154831387365185313e-01
6.794589804082280526e-01
8.615664754135851089e-01
3.981839806840399287e-01
6.916169313567332999e-02
-3.102465854515964461e-01
1.773337247586310728e-01
-5.411218142249951679e-01
3.975263201053761963e-01
-5.990788253840058086e-01
7.966244135019892592e-02
2.322780968532470180e-01
4.783225909483690419e-01
2.256266648307101441e-01
-3.391861752560288434e-01
3.747723765612656077e-01
5.371533126336272002e-01
8.136920682796269233e-01
2.145564853360535373e-01
3.551369402880306669e-01
7.456408030675554244e-01
6.734527928070117575e-01
-1.626763855471629050e-01
-1.623531205322967796e-01
1.668682682527285466e-01
-2.550291897225718252e-01
3.973494762637322375e-02
7.343925841809545441e-01
9.521998033269795103e-01
-1.000000000000000000e+00
-3.642565896019978045e-01
-3.834731586142928195e-01
-6.982894594672028887e-02
-1.478435002529594477e-01
8.959709170818759283e-01
-5.220736064436659607e-01
-7.375165075854266394e-01
1.000000000000000000e+00
8.003654879946988654e-01
-7.137120546924569098e-01
-1.303845351976143929e-01
-6.556102391230107518e-01
5.125490174400538779e-01
1.512012690536337911e-02
1.000000000000000000e+00
-4.676312065318011246e-01
7.487653731728789452e-01
4.154199060434531354e-01
-3.526004415226471345e-01
4.606329244074413576e-01
-4.934741959153439161e-01
-2.144761552922189729e-01
4.527721869003433208e-01
4.660483766570079345e-01
8.658177341279447159e-01
-1.979533395230864135e-01
-8.040905883115762043e-01
1.000000000000000000e+00
1.151464468376990347e-01
-5.082893977413007747e-01
9.748148100919379333e-02
4.971002478687417403e-01
-1.415120172721201774e-01
8.261719087726375754e-01
3.040789242922647961e-01
4.682018871612315669e-01
-1.136125970721486578e-01
-1.447462625638627765e-01
8.356423345482948406e-01
8.619342544730076994e-02
-1.389532287677612832e-01
1.126136073886971900e-01
5.072979328950408817e-01
-3.850263136184199908e-01
9.282793594554390459e-01
6.480551587663629931e-01
4.290407442671602123e-01
1.408984418655056525e-01
-1.644811668457356602e-01
4.930672330288183858e-01
-6.017212227554671333e-01
2.715611120611605145e-01
5.647598297779855558e-01
-2.642470136860348706e-01
3.219419627325783573e-01
9.918695271091848564e-01
2.907539331855115705e-01
1.265414372847724067e-01
8.208324328587767171e-01
-5.858235801629585460e-01
-5.550085481527089470e-02
-5.909718873576044196e-01
-6.902699831075920223e-01
9.146261412362016729e-01
5.483066394963918011e-01
-7.655006968272548562e-02
8.039154391822712631e-01
1.000000000000000000e+00
8.618028425295496397e-01
4.524351944368315559e-03
8.838530176793937820e-02
8.208352372000309316e-01
2.843684842112819688e-01
-4.688841548145389893e-01
-8.278857228850571293e-01
4.255109167462194364e-01
9.467371162968156728e-01
-7.099113423694429770e-01
-3.529641282045761219e-01
5.513807772445049604e-01
-6.845964245625153488e-01
-2.773423843567464075e-01
7.393031510721848054e-01
7.060121368617767734e-01
-3.685547192527122706e-01
7.808632836199920213e-01
-3.511561202644539192e-02
4.846782971300952481e-01
6.701566956338744774e-02
1.000000000000000000e+00
4.412654721345870001e-01
-7.079719656573388864e-01
-1.522111608594785004e-01
-7.397948898427562092e-01
6.368791252994241425e-01
-5.645370381200576215e-01
6.042267931887325139e-01
-4.626815158804864492e-01
-2.875504480612282032e-01
3.566306829790225064e-01
-1.300481852900994828e-01
5.539466991606013524e-01
1.299995262228050563e-01
-2.116203737632609272e-01
6.428318977299277703e-01
-6.860675993670932726e-01
-4.216895018725141941e-01
1.523807394636427226e-01
3.808607164743307294e-01
-5.651581406328649582e-01
-2.450226213989012969e-01
-7.300018406991195530e-01
-6.266155375854277620e-01
-4.086263252833080006e-01
1.983058936222749924e-01
6.312671608459379247e-01
1.017828730061176579e-02
1.979886438565541251e-01
9.034797981317266302e-01
3.840289686057520857e-01
7.440561610518368063e-01
5.834337044818154183e-01
-6.749542352959354563e-01
-7.073660472084997153e-01
-9.195479733276144818e-02
-5.184957447406279840e-02
-9.253764183783323993e-01
5.530957810380736639e-01
2.757428933292487283e-01
-7.259223989661769405e-01
1.784048255011796424e-01
-6.471567954604295902e-01
