-6.217910113244624615e-01
-5.714431022310573205e-01
-8.639226990883936974e-01
-9.201724142755992597e-01
-4.152813847761445132e-01
9.446214164573429883e-02
-8.645181773367871525e-01
1.647670977046048202e-01
-4.102672889624665586e-01
3.107268637616806828e-01
-6.357361253052120631e-01
4.356777014594359621e-01
3.824473871488061061e-01
-3.547778497644684670e-01
4.116090090291459891e-01
-5.184338752112100934e-01
-3.128094548738050706e-01
-5.924367382229360768e-01
-2.629481448469488392e-01
-1.469080484173004852e-01
3.041234604890764026e-01
-7.892015421378247853e-01
3.124690264377805171e-01
-5.279096893922283762e-01
-4.056925349433051498e-01
2.577593783956100282e-01
4.072820146859932322e-01
-2.656931695532022131e-01
-2.808744768242015244e-01
-1.008344200442923000e-01
9.216515373688298762e-01
9.527804597215129290e-01
-1.000000000000000000e+00
-4.501674579884613614e-01
-1.027355001538214907e-01
7.132645979521654578e-01
6.468060832903166357e-01
-6.919424978607062737e-01
8.692579908266868938e-02
1.631681902143369278e-01
6.173573044131741572e-01
-3.915163585262824153e-01
6.034978029041913050e-01
-4.157167266819806195e-01
3.306893506004351391e-01
1.835103611909654209e-01
-4.341825778980734629e-01
-1.000000000000000000e+00
7.907053462366413488e-01
-3.588256936403260156e-01
-7.272850117641278533e-01
4.216267991809743432e-01
-4.944446224142486912e-01
-2.755110931528468310e-01
-5.855007423429078317e-01
-6.173763908579112947e-01
3.568982614845244150e-01
-4.107977659647458757e-01
-5.468934693534512892e-01
-7.515718144683406488e-01
-9.700258039360381002e-01
-2.886923927504529974e-01
-1.000000000000000000e+00
1.000000000000000000e+00
7.741050565397598060e-01
9.651018812980869388e-01
9.707106811252743661e-01
-7.387254802039499024e-01
-3.382451641860194647e-01
6.949947925061474852e-01
-7.103850543788211569e-01
-9.740654687553531588e-01
-5.223111767309631670e-01
8.096653267161281198e-01
-7.637203529295846227e-01
1.490373211655500185e-01
1.784474937473696787e-01
9.403469096450134401e-02
1.984808947138689827e-01
6.310662949110008579e-01
-5.888807217430152008e-01
-4.889494497403512607e-01
-1.194956479360076429e-04
-2.292798289019060132e-01
3.848645537143710049e-01
6.136247357142150527e-01
1.195356706877954700e-01
3.442177919786413298e-01
-4.954507304125106426e-01
-4.714040831147969790e-02
-4.638391085685533710e-03
-9.100804982867574111e-01
-8.999251502389087332e-01
1.462865859255378376e-01
-7.986868839637377704e-01
1.025074145595656905e-01
-9.816726664693706805e-01
-7.414433031731968438e-01
9.132589465824532404e-02
7.924174561332352207e-01
-7.369419788370465962e-01
-2.347810238201843980e-01
7.910367692526047989e-01
-8.250099571404658771e-01
5.834542982290623625e-01
3.741180709012079664e-01
4.926124763483981650e-01
4.197361159722503565e-01
-7.923122877445815115e-01
5.472759539730247536e-01
-7.252232938452269906e-01
1.912479096648720955e-01
-8.048705508660659591e-01
-2.975886586634253761e-01
7.860100415218729264e-01
-1.942322010604773386e-01
-7.296233247788870280e-01
1.965024340971521788e-01
2.782343520727907915e-01
-7.921797177202716256e-02
1.391680659242542362e-01
-3.981882732216992515e-01
-8.460187509390534322e-01
2.327829747271936700e-01
-1.868626750912751877e-01
4.755811313429736398e-01
5.415178046963853298e-01
-6.975747590693737177e-01
2.339917347904967304e-01
7.090013835533881537e-01
6.904113477552296096e-01
-2.902680408514814459e-01
5.205274344738157755e-01
2.313987078015624366e-01
-3.093861457875027310e-01
-5.027030318281633381e-01
-4.336485944005321613e-01
-1.289293844173224346e-01
6.184008563985055051e-01
3.297892641869781816e-01
-3.001478510522503917e-01
7.735818877795741511e-01
4.162843319977047041e-02
3.710854195988639859e-01
-9.506392977242741904e-02
-8.787560976758499454e-01
-4.274533969042804693e-01
3.846779925261687438e-01
5.780321915022136325e-01
3.039173467358025071e-02
-9.513177748819998669e-01
9.357549574612145094e-01
5.445191729259833968e-01
2.197506664946241861e-01
-1.992464305633053628e-02
-2.350067111032247968e-01
-7.335927619146382916e-01
-4.502023457882525781e-01
-5.037714329340035047e-01
-2.541697583928319570e-01
-6.683995767976109725e-01
-2.874316755815761182e-01
2.511644542415768511e-01
-7.208012672565597967e-01
8.543955767083544206e-01
1.094909367129388578e-01
8.234261458555950375e-01
-8.460996335963792969e-01
6.977973729399369329e-01
5.754723460314464800e-01
2.909925550296237340e-01
6.691740626517277413e-01
7.783522224091776742e-02
2.821056093124021391e-01
-8.616985538449088988e-01
7.595764193540233133e-01
8.627151657695446563e-01
-1.151411859617905153e-01
4.113104890988891205e-01
-5.692945119863709325e-01
-4.393774425129937100e-02
6.614520414578914931e-01
2.580739338869150190e-01
9.096087997578159445e-01
-4.673419769313200689e-01
-4.249394865862168510e-03
9.842929808456251095e-01
-6.890332603959312685e-01
-3.732451871814658761e-01
1.843595972036061736e-01
-5.223294855464830633e-01
-4.887973757654646700e-01
-1.604066474557964694e-01
7.430327081996671579e-01
4.423782218561471691e-01
4.869993745206878111e-01
-2.596363087453467181e-03
-6.563866538305156428e-01
-6.861346889659641901e-01
9.324284345724298539e-02
2.977457239507159681e-01
-2.685887933116116733e-01
8.504946564996633818e-01
6.460489369304099894e-01
2.386948692978536624e-01
-3.099433952682996152e-01
5.742877869181799433e-01
1.786533086094341805e-01
-8.747335885517826259e-01
-9.886499066791418766e-01
-3.923428851239765258e-01
-8.212645747565944232e-01
3.313059492588046329e-01
-3.543416677111781432e-01
-1.109358796636818051e-01
2.873517288685678572e-02
-6.877129205615417629e-01
-4.267841851130523834e-01
7.804222343530722306e-01
-7.456975277064468166e-01
2.276372146707574817e-01
5.168103360574960448e-01
-2.925950041470501417e-01
8.805908677390873462e-01
-4.559743601571808469e-02
-5.117233881649710381e-03
-1.919257049846330165e-01
8.157719228651096888e-01
9.737567907805004808e-01
-5.901542943019424392e-01
2.847212855886607219e-01
-4.684933513949424144e-01
-7.588071477305562418e-01
-3.238654612087390472e-01
2.518205937247824933e-01
-7.037547782920192674e-01
3.880168058572215362e-01
6.536980829402098125e-01
9.541816037680894702e-02
7.712775391313637652e-01
-4.151131260004116141e-01
6.266876241013201732e-01
2.582605599348754000e-01
5.781911109998700837e-01
9.462194264171664981e-01
2.998252594396884074e-01
-5.428920288453166487e-02
9.939245803225704723e-01
-2.380375360203070834e-01
3.487628061354296483e-01
3.075371882808797253e-01
-6.412329857375955733e-01
8.629428377535512951e-01
-2.218102437701900131e-01
4.603636468765784362e-04
4.603786915110067990e-01
-4.832442357224746021e-01
3.139052136758358480e-01
8.201158511101508397e-01
-1.891384308699071148e-01
-1.862531780757461508e-01
7.101123221098566418e-01
4.708187266342862554e-01
1.836346773727029480e-01
3.817112626657398478e-01
