7.338279406491770018e-01
1.091548816138935840e-01
4.403660123594650422e-01
9.998019204622694556e-01
8.826911784479569700e-01
-6.030168660659116497e-01
1.352731076194666482e-01
-7.374188540653572321e-01
-9.581706444038766701e-01
-3.721116769096624588e-02
-6.929312258640043520e-01
-3.091569095775180687e-01
9.168354523002033574e-01
6.655952028376612706e-01
9.026920288817537052e-01
9.514588875157470316e-01
-7.133814725648810473e-01
-2.006463202011653513e-01
-1.128310310738084993e-01
-4.196357440302770359e-01
6.652047747058386085e-01
-2.228512918958606703e-01
-7.350614746209198636e-01
2.771674610448323500e-02
5.822849598777816160e-01
-5.860394815089069454e-01
5.619323645438998316e-01
9.119905343103424933e-01
3.398009902815821714e-01
7.183465598516657336e-01
-8.242939354142497788e-01
3.121977996187574877e-03
-4.069793693848973160e-01
-3.351684201499718352e-01
6.968368581717121479e-01
1.000000000000000000e+00
-6.894369680066152473e-01
3.302771046784523656e-03
4.233570849859409624e-02
7.718431818224560370e-01
8.311828748170337899e-01
9.125532531979259065e-01
3.696150090068554550e-01
-9.181946017148052697e-01
6.625124310679813000e-01
-5.704011922665552792e-01
-7.417031306776973310e-01
-8.661300816775461264e-01
8.742446196512432266e-04
-7.541947845104285397e-01
-8.202246930925214397e-01
-4.639383092696176547e-01
3.334953896057519240e-01
-1.295596967059786664e-01
4.162271263562817847e-01
1.030634625993506193e-01
4.160115209679359216e-01
-2.596425578134225476e-01
-4.314157752683196456e-01
-4.163991223486833704e-01
6.281492752227189058e-01
9.558628892687839884e-02
-6.224863516013650067e-01
-1.401706301996180626e-02
7.669433392606307409e-01
2.809175841989712819e-01
-5.388695037824668965e-01
9.151433417519060365e-01
-9.928598898020657426e-01
9.561206094065749506e-01
-8.026273306695224097e-01
-2.653429904159562702e-01
-8.290078105054381474e-01
-7.837633344495278376e-01
-4.732085015025155883e-02
1.004127638734735317e-01
-1.000000000000000000e+00
-9.897234427092458375e-01
8.341541059786025114e-01
-8.065147306990325671e-01
-8.353314547542363411e-02
2.916781600300686339e-01
7.955118714025431748e-02
2.216517006874447471e-01
1.408248455173729541e-01
-1.846412288546102065e-01
-1.000000000000000000e+00
8.660754418184012093e-02
1.000000000000000000e+00
1.000000000000000000e+00
-1.195622664813580649e-01
-7.414445703828060896e-01
7.151650865169972837e-02
2.331780878918803257e-01
-5.481308674512870294e-01
3.551332098800236148e-01
-8.991828958394694205e-01
-5.235752575934886632e-01
4.054721773048561850e-01
-3.881731882253981469e-01
-6.296092967749559177e-01
-5.650512263327256424e-01
2.769908120569077870e-01
-5.807170704406485751e-01
-9.096831921013404099e-02
2.924567547562229031e-01
8.159835398031709541e-01
-5.969339003846683145e-01
-5.401921046322216702e-01
4.101644683974359218e-02
4.006002194651979709e-01
5.225395737054703282e-01
-2.351113118346652986e-01
7.555442152732407823e-01
-7.932341707823638011e-01
4.542109155506395268e-01
-2.377184707598241076e-01
-1.249264532165290931e-01
6.875267549438102144e-01
1.529133259218762309e-01
8.465907307804635407e-01
-2.695067769417321957e-01
1.979185028364012222e-01
-2.023170922732514254e-01
4.799831930303261607e-01
2.157357883123884879e-01
3.081493250063804257e-01
-8.618477137597969628e-01
3.504458701785380659e-01
9.967688903838940462e-01
-3.468266763328831104e-01
4.225382373068524711e-01
-5.294914580587608555e-01
-3.696010564629848560e-01
5.685322689008043273e-01
6.774148684260032915e-01
-8.492612946608304458e-01
2.171809355269351816e-01
-3.922806847170516864e-01
9.351969377839610686e-01
-5.795340757521527664e-01
7.982994636213724959e-02
3.846337599590445300e-01
-9.398942230661093689e-01
-4.136284193806289977e-01
3.621474442558936246e-01
-4.597737776138746124e-01
-9.282998093275331986e-01
-9.883221219761825216e-01
5.292040817744194658e-01
1.247112226148512082e-01
6.722476369839258670e-01
-9.839057531598478512e-01
-8.876097031881248212e-01
-5.631953380908618634e-01
-6.564737372523590242e-01
-1.163733262294457393e-01
1.137424331927054943e-01
-9.038907150251809242e-01
-1.000000000000000000e+00
-9.667344996769734466e-01
6.037639115598001371e-01
-9.940533755872318356e-01
-1.608970315952069630e-01
-1.568122006648678124e-01
7.351234841921077123e-01
2.887949826500879613e-01
3.071426680179993873e-01
-9.510553344313416035e-01
3.412367922617480787e-01
3.792177158204310117e-01
-9.993636057857488986e-01
-8.011384162207370041e-01
4.809724129466570464e-01
-3.377530759039187175e-02
-7.673419112084929328e-01
-6.660364030918022316e-01
8.605903451907532808e-01
4.253132903695917011e-01
-8.446032246867812843e-01
5.168273289051187325e-01
6.560105387419374878e-01
-4.544893900974782408e-01
-5.891922491403975837e-01
5.708506676167952598e-01
7.753701250683822654e-02
1.000000000000000000e+00
-7.536393679938871992e-01
1.000000000000000000e+00
-4.868227346399656152e-02
2.574768695687187914e-01
6.259294174087095541e-01
-5.197944262837962404e-01
9.803449733813442979e-01
-2.416301108109899509e-01
1.872619974885840755e-01
-7.150703337683184113e-02
3.306260866610630234e-01
-1.639249349093478969e-01
-6.018416237019039716e-01
9.653667176614777468e-01
-4.860182506726136442e-02
-9.239305304109990402e-01
-4.117988139804688585e-01
-2.176762663594448699e-01
-5.999164981446724054e-01
4.793751867585281934e-01
9.979838995290042369e-01
8.570237070013855263e-01
-1.823947547928253532e-01
5.060478328823296845e-01
2.763963097554161807e-01
-5.252893055390306376e-01
8.266405563630294662e-01
4.838555424570207264e-01
-2.065415362209843952e-01
3.494322753737761911e-01
-5.698032722519963400e-01
-7.293002946020731292e-01
-7.054823528596076976e-01
-5.591200804433973381e-01
9.642270578838902928e-01
2.098416544616429902e-02
-3.360972200313599306e-02
-5.089603094886849810e-01
8.902118762473014701e-01
7.252138394138162303e-01
-8.677839206913453562e-01
8.212118627062400256e-01
-7.904849278973685722e-01
1.884293489401379085e-01
4.675784846235399306e-02
-5.742041315367958365e-01
-4.691718370082063050e-01
-7.590874553109561163e-01
-1.404843314906346063e-01
2.348994961860622621e-01
9.928384906249269060e-01
9.173107815706504908e-01
-1.860775845894947489e-01
-3.682711954591296744e-01
-6.285692149418234953e-01
8.066392685948826635e-01
-5.549988374822654169e-01
5.124950024596402337e-02
-7.411840644012812618e-02
7.652597832932316324e-01
-3.247840352963169974e-01
-4.538983607163091238e-01
-8.668081010534223196e-01
5.372313372750927574e-01
-4.406311485583809251e-01
5.779108636582608316e-01
1.724537788133808369e-01
-2.029825826473050654e-01
-1.354720709079864083e-01
-5.243411131999132779e-01
-2.412085921746225381e-01
-2.946528873461666254e-01
6.821734961511083384e-01
-7.844486544089492863e-01
-8.408798020279378838e-01
-5.141206512092586500e-01
4.680434369700298136e-01
5.826705710859053644e-01
