-2.346531244799274774e-01
8.067485666697740143e-01
-3.399345065160192525e-01
-5.640260655178298554e-01
4.461450697961413248e-01
-3.956562220504092897e-01
-9.345371763845018442e-01
-5.723773924055584883e-02
-1.484600746669739735e-02
-1.109897022312700265e-01
-9.397437232206684588e-01
-5.981483235165547807e-01
1.428479174334561508e-01
-6.549731515481056476e-01
7.891720596967370938e-01
-7.299890086229718356e-02
-3.174224927325026285e-02
7.105475279807904609e-01
1.000000000000000000e+00
-1.977286238657346984e-01
3.820343673751798626e-03
1.586082453976067341e-01
-6.118142056089070913e-01
8.333252541322053730e-01
-7.100983460060568409e-02
5.577488630624058974e-01
3.893962037645702368e-01
1.202502339599170189e-01
-7.848006447600062163e-01
-7.882073432276750502e-01
-3.280965542842226856e-01
6.538367589675820879e-01
8.601347363203948326e-01
-5.418606794717881203e-03
-9.778251669252644440e-01
1.000000000000000000e+00
-4.397597175232837996e-01
5.157903291153329572e-01
7.041679484005761158e-02
-2.585633674680192229e-01
-3.969260269338288905e-01
-1.472384269117950062e-01
-1.515016682740986109e-01
8.304032914776884322e-01
-3.839276573892735911e-01
5.993330602495121617e-01
7.650992826204334740e-01
-4.474573448671433362e-01
2.509850821341770288e-01
4.947101987127150990e-01
-3.937042706350034615e-01
-6.454331416881697869e-01
5.862896228379528285e-01
9.118099753535493512e-01
-3.231301531193830900e-01
-8.261831568029003314e-01
-9.131366857527717373e-03
-4.290339475900187272e-01
-6.482623297275609264e-01
-5.099641698787533706e-01
7.800998809462628136e-01
-2.531274214027573466e-02
1.643283007892065717e-01
2.236192737704264799e-01
-7.876106351517384585e-01
-6.768840095064788676e-01
7.869427471735694901e-01
4.101953510349814480e-01
7.758909737172607901e-01
6.105759668643349070e-01
4.966331557705520039e-01
-2.108895944685100499e-02
5.407067215684084882e-01
1.302611818490581330e-01
7.347803957815055576e-01
-2.829632488770819077e-01
1.000000000000000000e+00
8.136784096396981747e-03
5.223338486287445459e-01
3.988847128782327944e-01
5.550470547642676333e-01
-4.874621768053022386e-01
-5.223116136438396007e-01
-4.637786981308917866e-01
3.171720656994315157e-01
-1.327675933911248163e-01
2.862385048374886942e-01
6.528670713812189108e-01
7.799500689716500901e-01
-8.990423215921767852e-01
6.075575680025677716e-01
-9.273813979839276023e-01
-5.854213022866660010e-01
-1.848470828571655566e-01
-5.857689590023094084e-01
-7.600682279619126458e-01
-5.753996655704812779e-01
7.138963759986260982e-02
-7.621650364844637648e-01
-3.375742476278966731e-01
-3.311502788637266659e-01
-5.334929759880782107e-01
6.533245660726756388e-01
2.678910444225530707e-01
-4.719578150285397289e-03
5.543486610418842941e-01
-4.983305258163006624e-01
8.661491013184913212e-01
-7.047746980951961060e-01
5.198879295995120220e-01
8.973972755204198126e-01
-7.204980899114199477e-01
-9.406800489908417884e-01
8.827304787431935473e-01
-1.000000000000000000e+00
3.956339335417867753e-01
5.591141603031120066e-01
-6.295029166430456125e-02
3.293337327848057106e-01
4.544843873061825690e-01
1.000000000000000000e+00
7.244351669704591767e-01
4.281219543293955931e-01
2.044039397283281545e-02
-8.888642321906835564e-01
5.865304006484597377e-01
4.252493619131418878e-01
2.092866442949520289e-01
3.016652822128935707e-01
8.274190966322967355e-01
-5.271695170213309689e-01
-1.076427660784853302e-01
-6.256513951405492935e-02
-4.447446681651212597e-01
7.592718713895622862e-02
5.124343974562333148e-01
-4.025462414921718302e-01
-7.759571813861372291e-01
5.494237116310296543e-01
4.752384079680926354e-01
-7.192446186921843676e-01
5.633437822827190855e-01
6.073788858812372293e-01
2.426234063607948244e-01
-1.000000000000000000e+00
-9.458208404651377021e-01
1.000000000000000000e+00
-7.591442513417572258e-01
3.776634722829019242e-01
-6.160597829528050573e-01
-7.346734108043710965e-01
-7.615718767057184646e-01
1.677296392102549660e-01
-8.182256205175372221e-01
6.468362310097941492e-01
-6.736669949623693698e-01
-7.460295438949642310e-01
-2.333019123963536723e-02
-5.516977332612783558e-01
-7.043232930434797368e-01
5.155357197183169093e-01
-8.214491784184448919e-01
-8.982534763962202184e-01
4.678188346461403802e-02
-3.886929593934355665e-01
1.150397659059585326e-01
-9.551888919287471191e-01
-1.967990966416437726e-01
5.071260408945857945e-01
1.852666070071241067e-01
9.281952305731951958e-01
-2.608730726050688398e-02
2.725654812166836694e-01
9.806866602930368604e-01
-9.781796218318741243e-01
1.737556126299884540e-01
-6.754932795805235202e-02
-5.780789239294337190e-01
5.522249081591947828e-01
8.898047854924964195e-01
-3.741451746946532486e-01
6.022253701972524187e-01
6.861874980888535980e-01
9.796004117089138763e-01
2.110971611211534815e-01
-3.690055358795156781e-01
7.196974922532560770e-01
-6.807401501459142690e-01
5.712036880258513083e-01
-1.000000000000000000e+00
1.069647492099338876e-01
-2.270242004210926701e-01
-6.317090024401899040e-01
1.000000000000000000e+00
1.423309573200707279e-01
-8.888918473275400078e-01
-7.016613251298553511e-01
3.776207382465224249e-02
2.759656550487524784e-01
-2.356837236696263105e-01
-3.182086076184986734e-01
-3.470173013395380091e-01
-3.220537698359446921e-01
-5.918336337093981214e-01
5.397352274890533375e-01
8.612982150606075527e-01
-4.260820887581379113e-01
6.237448984459528223e-01
-1.739706776631030904e-01
-5.372886646105705655e-01
1.444899523208614811e-01
9.039445756966206780e-01
-1.000000000000000000e+00
7.478758097353560563e-01
2.928489371260557805e-02
-3.629300630429971308e-01
6.049975974735287698e-01
8.091945546440815207e-02
-6.138292415053840934e-01
-7.822266433937508090e-02
2.625787709544826765e-01
-7.425292609920068898e-01
8.590672363684063173e-01
-6.828152903874078472e-01
7.620667808087985273e-01
1.174552613662838696e-01
-4.420041063742834453e-01
-5.482173125670323222e-01
-5.007934269038817332e-01
-6.344769346846017566e-01
-1.448219843690969066e-01
5.244310457439288475e-01
-4.011178817435991917e-01
-4.131809678865969171e-01
-7.197899994420517977e-01
6.312519679770206560e-01
1.000000000000000000e+00
8.113734600107823658e-01
-3.840023967439636365e-01
-3.682227889748863198e-02
-5.686003779346997522e-01
2.113145085760557151e-01
5.907237576179551475e-01
8.926244796119302549e-01
4.402013414377070610e-01
-5.865667306867309305e-01
-3.128250714037945635e-01
2.818972347192958416e-01
4.850485513381119218e-01
-9.107908561892098520e-01
7.571088842098409044e-01
-1.000000000000000000e+00
4.941431949162020665e-01
3.175567600669408352e-01
3.329301158343908607e-01
1.305918871909542145e-01
-1.678105341058917510e-01
1.966669114553871722e-01
6.472646016221453857e-01
-3.966250250666776278e-01
-5.912278776773145506e-01
-1.093861208531766438e-01
4.508728088164931647e-01
3.012833368381649946e-01
3.864852610263579402e-01
