1.000000000000000000e+00
-7.346274636898303401e-01
3.045583260458994967e-01
5.930368302275781378e-01
9.280250145227925129e-01
1.488307665736737506e-01
-1.550903675983479335e-01
-9.003876609580656609e-01
2.542070039199484932e-01
7.165076162528296599e-01
3.314095149907814175e-01
1.598923636829248096e-01
-6.240169878460593011e-01
7.732282315927390126e-01
-4.533423901311434134e-01
-8.136035071602352176e-01
4.182225838392261696e-01
-6.794308326533298192e-01
-2.481728798550488779e-01
7.775033565095346155e-03
1.879299252157267119e-01
7.756636532512142246e-01
7.620144552024286089e-01
5.381630615833840059e-01
-8.385033597803695504e-04
9.619948854243784986e-01
6.793132599730669074e-01
-7.428449535305681195e-02
-3.799058142177432207e-01
-9.653257890984214828e-01
4.144975886962588008e-01
-4.168683922490715177e-02
3.346316295516269523e-01
-5.164991465473751653e-01
-4.358738179912142741e-01
-1.882294983783707187e-01
5.752267042148835330e-01
5.574662150944782457e-01
-8.592464231778434991e-01
6.174346329829505375e-01
-8.494264743177313282e-01
7.569911600978297406e-01
8.310477378453056119e-01
-5.475456824975617476e-01
-4.615924653006890366e-01
3.857734844264059659e-01
-1.521971739586285566e-01
7.844407328933924450e-01
-4.752463586918908578e-01
7.550475902093056746e-01
2.025794720101616875e-01
-7.674343840782993365e-01
9.327215767108043565e-01
-1.936611998733314688e-02
9.212951551901924496e-01
-3.862802701920595161e-01
6.448642978030023620e-01
3.454047359227124803e-01
4.034001284961076794e-01
-8.395655022708289339e-01
-1.497950295019701006e-03
9.145964620143224311e-01
6.045999155885416476e-01
-8.560358174582589630e-01
3.184038285821570446e-01
5.119595173270532484e-01
7.548677254090943034e-01
6.201166909304415276e-01
-7.949448818265429928e-01
-2.827307215683161346e-02
5.731707623018237330e-01
8.215042089386324076e-01
-8.756116150028148137e-01
1.000000000000000000e+00
-3.656540194038137570e-01
-2.167385611127006229e-01
-3.753630652322985650e-01
5.938055567712926530e-01
2.341982111403687339e-01
-1.000000000000000000e+00
4.323155758878899357e-03
4.113527999375595212e-01
-4.528610745460024400e-01
4.832692349188090764e-01
7.074006610134203621e-02
-8.481995699054677429e-01
-2.898463370364107172e-02
1.260443356033521256e-01
4.789818479544610819e-01
-6.233969097390942293e-01
5.813673810960350297e-01
3.811610531992076778e-01
-3.776180979814891536e-01
1.734606062346646382e-01
7.912754977555886970e-01
-3.672584686722064617e-01
5.123097449905062994e-01
2.550069427473385941e-01
-1.878447214105125398e-02
8.836823206131004527e-02
-6.336138043592557390e-01
8.957441094079731103e-01
-3.216269270612146514e-01
-4.358930974290433635e-01
-5.567226477875540924e-01
1.792833954835906241e-01
1.000000000000000000e+00
4.608666250152918531e-01
-1.000000000000000000e+00
1.946239447135764689e-01
9.017366248682572027e-02
-2.930222334515737714e-02
3.129665591859346896e-01
9.089337642279564644e-01
-2.340905001758487591e-01
6.534278395980417375e-01
-1.802202636371099675e-01
-8.977586085874686983e-01
7.449526804388966195e-01
3.808421497986648752e-01
6.407907668140373492e-01
-1.263609775674212898e-01
-3.170198328941795651e-01
7.444791752837998100e-02
-1.631158782638736371e-01
-7.332746141372035176e-01
3.301994410399837210e-01
-4.789054522275704162e-01
8.091097424679742633e-02
9.304252845539997541e-01
-1.562338355717293181e-01
2.621217114046758834e-01
-1.057271227865328456e-01
-4.748510932057562473e-01
-1.000000000000000000e+00
-8.162310032362131151e-01
3.474578198083949632e-01
-5.802803730099455048e-01
-4.869329215984347092e-01
1.218780744525793658e-02
5.159920356145475395e-01
4.863873441955507415e-01
5.849743027054083999e-01
-7.923208665066742151e-01
4.957033826077824057e-01
7.977018923234380221e-01
-4.912972523787848544e-01
-1.483260708156136642e-01
-4.181229960663341849e-01
-1.000000000000000000e+00
5.160186731813195538e-01
9.915901571514205148e-01
-4.078899337428214533e-01
7.743273375028856265e-01
8.481406748387271266e-01
6.852740468968644694e-03
7.720740575410098838e-01
-9.287109241802959936e-01
7.099893810963743279e-01
7.936600237399858981e-01
-5.595195003424529023e-01
4.034892015890801931e-01
-9.192714945198673382e-01
8.486963507679011753e-01
-5.849197132950402223e-01
4.302494955773272789e-01
-3.524817813564859459e-01
-1.949551019233517479e-01
4.074938914817878288e-01
5.745516563524104559e-01
-8.356762363358881673e-01
8.368018457633052964e-01
1.048494189349469807e-01
-3.710898827021105184e-01
6.717966662058341143e-01
3.561556217647918743e-01
-4.169071343315597922e-01
-6.822318423816755573e-01
-1.000000000000000000e+00
-8.984669738524486693e-01
7.138531688663207753e-01
-4.655149586003237139e-01
4.552212235757043812e-01
8.397762453760697632e-01
-3.574610341849640549e-01
5.604698344595083759e-01
-5.473299972383570688e-01
9.323588570265020636e-02
7.291642052869264923e-01
-5.027477835725824296e-02
-9.229735934865377356e-01
-4.626289335691871618e-01
-6.289204112709496641e-01
-4.205576879757124131e-01
7.093450520321543662e-01
8.357105093512274818e-01
-1.368656136097456955e-01
-3.968608868802346312e-01
3.073267166253409455e-01
-8.940675729616048839e-02
-7.182091636021521452e-01
-5.602503290907563382e-01
-7.386451319970908092e-01
4.108708934337271801e-01
9.502062434826652471e-02
-7.947045624991559976e-01
8.055862047517063917e-01
-7.240830916681179064e-03
2.818718975125020787e-01
3.622640650842881005e-01
-5.906513414365415215e-01
-9.404397402073201295e-01
3.221698852345389885e-01
-2.657893399425907965e-01
2.925408499603234791e-01
3.189321210980435861e-01
-2.078038674112212547e-01
7.452753699128459308e-01
2.281094960907070757e-01
-5.921070893486767295e-01
-5.906479133654678471e-01
1.517008562364436375e-01
-5.094602311738125056e-02
-1.093947972442235184e-01
7.282461753619544620e-01
6.178329312188411970e-01
2.298543930482290498e-01
-1.260458357684078046e-01
-1.135722081859188992e-01
-7.519419805585392247e-01
-8.479837463264088271e-01
-8.220877395543596533e-01
-3.009768402272561261e-02
4.951340207497011425e-01
9.449455962486651428e-01
-8.023856593735554377e-01
1.006657465331108892e-01
-7.577175572441740004e-01
1.916080141958387828e-01
-6.316906499993096835e-02
-7.488147513548444600e-02
-3.672774034525793097e-01
-3.263058866209424536e-01
2.900401611465960316e-01
-7.297229504317301885e-01
1.000000000000000000e+00
-5.917222611428768486e-03
4.972258426455765656e-01
-1.245466319242656272e-01
5.364392704967135828e-02
-7.140300901539062828e-01
7.914487251178707883e-01
-8.113429289254231458e-01
1.368440141724844850e-01
4.288945251519162838e-01
2.667178608248016447e-01
7.778259746305149491e-01
-5.862589786462475416e-01
7.050004274201500110e-01
-7.780840640315640488e-01
-5.380188137070456289e-01
-2.432154943625148835e-01
3.546005976020888406e-01
8.644799164982842621e-01
-8.589832756132382841e-01
