-7.338990516289367605e-01
-4.384151864310906754e-01
9.374342960071091468e-01
-7.449764074209251907e-01
-4.991898823159577336e-01
4.474547927730467278e-01
6.754741186324306756e-01
-9.222007009593039539e-01
-2.924921609885371976e-01
6.393452401751255065e-01
5.780451867630576057e-01
-7.203944825799423191e-01
-9.356352130331982986e-01
1.000000000000000000e+00
-7.812438016971823274e-01
-1.357996882127085470e-01
-6.900914017256192245e-01
6.734623411998325038e-01
-5.192697517489082149e-01
2.897744666261356516e-01
-1.961178695023911289e-01
-3.156088412173869706e-01
9.853671826031217273e-01
-1.000000000000000000e+00
8.964250077348697721e-01
9.148255237892733982e-01
5.231819339997467733e-01
-5.153322733552647694e-01
-6.169101637856614362e-01
-9.551458736797254767e-01
-3.603055170566600574e-02
-7.589980910206552966e-01
-6.205516521991398526e-02
-5.101951612197628272e-01
9.893373048652283064e-01
7.897979148803837557e-01
-4.660968984927186809e-01
-4.205190120842667856e-01
7.272754165050049346e-01
7.384852147490957863e-01
-7.599539489679951743e-03
-7.182899759989735955e-02
6.477602001507497542e-01
8.332893307113955483e-01
-1.156456725811993991e-01
-1.944249696261899363e-01
1.347934372200631503e-01
-6.988518456109711341e-01
-2.815550247042526988e-01
7.326470161484825994e-01
2.244820511253408091e-01
3.042071759437658951e-01
7.342451382878828481e-01
-3.007767753846003478e-01
-2.429563313817904024e-01
3.708383113081297200e-01
-9.979409453610575687e-02
-6.309044848817961793e-01
5.687733795948879401e-01
2.247772381135419717e-01
4.086205821230641244e-01
-4.887667422931438743e-01
3.969309332827258840e-02
-2.657201923789260234e-01
6.712150772490608208e-01
8.105214106080447234e-01
-7.899658884978857376e-01
2.341047982362994273e-01
7.649437822402402887e-01
8.910200257051104078e-02
6.864918250238642994e-01
-2.616011830611810196e-01
6.299634382336888327e-02
8.145556757439078588e-01
5.314780844531534765e-01
5.150923100006832289e-01
-7.334102668470743325e-01
9.446498256380154723e-01
1.044194024856799630e-02
2.314983255857302191e-01
1.845656143773040936e-01
1.813796789460162540e-01
6.183979609911633979e-01
-9.729148588974090295e-01
4.637083500186303109e-01
3.936740696479797963e-01
-5.382700656593573108e-01
-2.127181263971367753e-01
7.351750147375213373e-04
4.339520272153611913e-01
5.956652034164252596e-01
1.486993989824149098e-01
8.222618813145172734e-01
-2.908158864621016026e-01
6.525817848484698480e-01
1.146235701023633480e-01
4.877138268229783691e-01
-6.845722927225731391e-01
3.671151454395432667e-01
-9.421232986082245242e-01
-5.936289588963230557e-01
-8.923915977809216971e-01
-7.924042991093380728e-01
-5.599037361327648954e-01
5.183966833141353536e-01
9.173222339360038724e-01
-1.809737338821002517e-01
7.555348645292290222e-01
-8.161176462740649118e-01
1.865129171166476918e-01
-2.814839370437609289e-02
-4.808743881435157963e-01
8.157179264526846774e-02
3.657696646639225779e-01
3.249350964484013504e-01
8.848866929657356328e-01
9.666318792826720241e-01
2.013446402806808588e-01
1.694307425264809375e-01
-7.596294133328509446e-01
7.572501003050078339e-01
5.463395251700091659e-01
-9.569678495253903794e-01
-7.875248398422440843e-01
-6.452502940726851932e-01
6.131593763983553824e-01
5.156777657300125606e-01
2.094100577496615934e-02
-7.461818291251207658e-01
3.977939200821091759e-01
6.498574024696905926e-01
-5.989350032658010692e-01
4.277580536805358769e-02
9.565301414414083547e-01
-5.564572331432473540e-01
-1.899988517748538719e-01
1.512904079604455998e-01
-6.244307251748903997e-01
-1.786030270016205623e-01
-5.281781875765554357e-01
2.822064039104500432e-01
-3.666299615037323378e-01
-6.874900801820422735e-01
-6.629816574471254775e-02
-3.033733905369414563e-01
6.073823388366357268e-01
1.000000000000000000e+00
-1.882153686238618173e-01
-5.109629428441775367e-02
-6.613219424155019066e-01
5.692359187941015142e-01
4.203350455327510282e-01
7.421928587344739370e-01
8.274107082227033505e-01
7.580968912906688173e-01
4.385217325225081175e-02
1.291799892981979614e-01
5.000258460007067640e-03
4.979045964932490853e-01
-7.421553521129827802e-01
-4.919791131581450205e-01
-1.216293165660089493e-01
-8.766863375101965339e-01
-7.140250976991829868e-01
9.292908671839258394e-01
6.331709681109717325e-01
4.493351718591145905e-01
1.766221898344660646e-01
-1.000901717632664972e-01
-5.722675234774055042e-01
2.763752989695478224e-01
7.607004011992219983e-01
-2.533115859508130452e-01
-7.970136013769955063e-01
4.901955406423796902e-01
3.354514678850858411e-01
3.705333618931041517e-01
-2.929809517644028638e-01
-5.372017627198633072e-01
-4.811069197419280408e-01
-4.092711722225240711e-01
8.128023607703838138e-01
8.894458528155179122e-01
-9.092716406073325652e-01
4.806826072163608021e-01
-4.387322782902832174e-01
-1.563401227879129551e-01
-3.279828431744654660e-01
5.304387452895884536e-01
4.019386167383902642e-01
-7.361848735892430051e-01
6.878242867624294599e-01
-2.894924865535514202e-01
8.198923162376015039e-01
1.853411709960700038e-01
-4.127205303381036305e-01
-6.158961197538001531e-02
-1.000000000000000000e+00
4.469327847575951806e-01
5.251482972679677452e-01
-5.091698160755198099e-01
-7.739757261775102037e-01
2.826758168954279782e-02
-4.659619686730455124e-01
5.247966872421045981e-01
8.130630268413558959e-01
-7.432901162529976791e-01
-3.603987021552762515e-01
-5.699921213692785704e-01
-2.109673757085805401e-01
1.563488875107025278e-01
6.599283484917271014e-01
8.812193937682675227e-01
6.931244835986372088e-01
-8.137575519003252822e-01
7.021838158697029098e-01
-1.000000000000000000e+00
-7.517873737641950216e-01
-4.161605651643616177e-01
4.099870900489411829e-01
7.423658170032604309e-01
-6.915345300583937149e-01
5.915859633970971254e-01
1.285829470695835919e-01
-8.802785319352069981e-01
-5.020779588603612176e-01
1.248995367553624725e-01
-4.646361811076387127e-01
-1.842407158250349564e-01
4.546272010015858789e-02
3.604431030970119965e-01
-1.928629364982248628e-01
3.279626774421351976e-01
2.086105419174458589e-03
9.032061490657005143e-01
-3.565161828932488230e-01
3.981122987653583079e-01
-3.268600543004777093e-01
3.995805090590268671e-01
2.461169939209926771e-01
-1.000000000000000000e+00
-4.297951473983865345e-01
9.856752251367539852e-01
2.059306904685433703e-01
-7.139677183266555094e-01
5.555981098896441983e-01
6.110503738647194982e-01
9.001830067764708954e-01
1.210201678885817478e-01
4.605879735898860128e-01
5.412519139155507197e-01
8.049111767304095721e-01
7.857792250054231875e-01
-1.482823099799003563e-01
8.697107610349399942e-02
-4.513469820163152346e-01
-4.015290300504196219e-01
8.639381990381255205e-01
6.015838982764460940e-01
-5.804599248012221047e-01
3.239956907364776040e-01
-6.825189237354303273e-01
-2.736623498779990893e-01
-5.410859471125240017e-01
-2.699279236589287034e-01
