9.350796802383360973e-01
-3.300547633135706427e-01
-7.087004673329648785e-01
-5.841302624022624013e-01
-1.591966878569574528e-01
7.858350992290249470e-01
1.848021379508477946e-01
9.353435003762278210e-01
1.955751217534791309e-01
8.559533438439037578e-01
-5.705214874548449888e-01
-4.133165073029677061e-01
-5.608131604064805487e-01
4.382561827383031905e-01
-5.422029652041131520e-01
-2.062587270238958048e-02
-8.210891020645756377e-01
5.651207608770921764e-01
-4.345857998042370607e-01
-7.982919710912417255e-02
-5.412370615142929609e-01
-6.145423308309077015e-01
-4.203706680943386509e-01
2.513208949766057021e-01
-2.088385491591133736e-01
4.814873943178032967e-01
-2.177142052925600257e-01
8.037280134251318930e-01
9.225921559851910647e-01
1.086174058801282066e-02
6.172631519338209749e-01
9.067924033392884553e-01
9.763786337428495554e-02
1.478514857971435781e-02
4.069682521505315620e-01
-6.786323189926846133e-01
-4.607557970246717316e-02
-9.076611929206839235e-01
-2.458208654719700181e-01
-9.411429824881320516e-02
8.139505601231225018e-01
4.159897244479549006e-02
-6.740322510411063117e-01
5.446584886738348175e-01
1.395450919228852227e-01
-8.355291254355938779e-01
-3.865744701488191826e-01
3.200877333098492983e-01
-3.346851675358057387e-01
-1.000000000000000000e+00
2.432330590329101483e-03
-1.069472887778947084e-01
-4.126961737082988080e-01
3.248598703041305491e-02
-7.038838514102824240e-01
-7.856678014397178167e-02
-3.478773750051791236e-01
2.663351892425155354e-01
-6.424365975467603018e-01
2.904286282772625682e-01
-9.753745023218942656e-01
-3.467568073221361513e-01
5.884501210845279884e-01
-1.352357137985427116e-02
-7.910399905691729572e-01
-1.475406318546008677e-01
-9.537336698168875637e-01
7.485213108142858562e-01
3.905593935438296249e-01
-6.499904212767604328e-01
-1.210286391759312075e-01
7.008137212755773948e-01
3.859353616457865677e-01
7.048285598852417344e-01
-4.743354278463267626e-01
2.504571527834066336e-01
1.394648251286807472e-01
-2.386890990736099116e-01
8.246509001731753274e-01
3.970253884227388230e-01
8.025710920228672496e-01
7.092154650890067913e-01
-3.379474797820726240e-01
7.904068297392831122e-01
-2.082190267528365446e-01
-1.825045472239303357e-02
-2.215403292977937699e-01
1.125680293713623159e-01
-5.908700293869768583e-01
-4.317275214388445193e-01
-9.409371920603195605e-01
1.685736721014766681e-01
-6.611942203716051347e-01
-4.842679631649009220e-02
9.422707726258849892e-01
-1.227586936201383594e-01
5.765040747928529274e-01
6.042114208331690328e-01
-3.489318791858506130e-02
3.230405734212276614e-01
-9.820586196109624133e-01
-6.807051291657648662e-01
-8.399069370528090550e-01
4.919444078705103029e-01
5.615867500066633600e-01
-5.917247871403186199e-01
-2.451893227845118872e-01
-3.652239392997588818e-01
3.394506349925441313e-02
-5.512588080296416670e-01
-2.860486105386699229e-01
-1.058854913954338367e-01
-1.623963496618872071e-01
1.039214855978607410e-01
8.426174309619773872e-01
-2.093998929481344362e-02
-9.285022850503592551e-01
-8.967229429867364099e-04
-2.330867773856253322e-01
-1.239301204862420375e-01
-9.364506836322861183e-01
4.960445096059569181e-01
-7.596488180975284887e-01
-3.470143554712169509e-01
6.791702769891009295e-01
8.542104679124136180e-01
-6.237028736474276025e-01
-9.345142611438981284e-01
9.215534823534970998e-01
4.340780627278493231e-01
-8.779689710373848044e-01
-8.888996784193958778e-01
-5.993171250951287998e-01
-4.952290348694157740e-01
-7.757911832946720043e-01
-9.347506534572914694e-01
-4.155904189109926872e-02
7.253309429318485768e-02
2.477953957088242232e-01
4.203382502915389285e-01
4.519649308706384372e-01
1.185951826728961489e-01
2.601464132403972229e-01
-7.351862237190275318e-01
-6.819204758016785828e-01
4.799096525653256395e-01
6.691609355059775499e-01
7.921341251249331972e-01
-8.627019146481823553e-01
2.909725784001055415e-01
-1.527412661510105796e-01
-9.964870634972682328e-01
2.972091153547580245e-01
-6.466004689601025923e-01
7.126578622856256651e-01
-3.360220649736097576e-01
-6.418377350529261838e-01
-9.876601266118714140e-01
2.761246307772098341e-01
1.531709908626636973e-02
-8.166200168370877366e-01
-4.886523759776438269e-01
-7.406420200510822893e-02
3.780250933445110650e-01
1.981813999873314192e-01
2.990863896587934168e-01
2.625585756173739460e-01
-5.913776092025821995e-01
7.390988357396401920e-01
-6.686399219034382391e-01
6.720159338231284085e-01
3.613999106389319538e-01
1.685409299075256440e-03
9.493937978937749822e-01
-9.119195980083005804e-01
-2.325510830863314893e-01
-2.991160140108136134e-01
9.623877573922547946e-01
8.259606392540610464e-01
4.049572814797168796e-01
1.479333637388673683e-01
7.263783662929505780e-03
5.307306326720802048e-01
6.459044309988855037e-01
3.157837652699568287e-01
-5.045664770489848017e-02
-3.293029031335029666e-01
-3.413085490589899962e-01
2.316812773855210228e-01
9.049932772146829230e-02
1.000523824128125572e-01
9.247698451360861771e-01
-8.994892278062782687e-01
-7.806048234416551601e-01
1.614676105606583367e-01
1.419097285384895435e-01
-2.402192920695146450e-01
-4.754996784418853706e-02
-2.523538599245962466e-01
6.539767001902829779e-01
-6.018548814573695394e-01
-7.469167194090153838e-01
-6.868946913730834547e-01
-9.133604261557033421e-01
4.176668387634820401e-01
-1.618417196948978287e-01
-1.789661151605341782e-01
-4.068512000574484588e-01
-1.378136238258468593e-01
-3.988346017377635833e-01
7.710591219451616851e-01
2.730420547585406948e-02
6.015022282913415896e-01
9.451963843787827280e-01
-6.142332163790600319e-01
-3.103456408736287586e-01
4.176641779140739530e-01
7.894301554439739910e-01
-8.507422883040924866e-01
-5.569379773234586217e-01
-2.456943036023765403e-01
8.300754597127908418e-01
-7.435564809829670052e-01
4.636572739086651795e-01
-1.933455050299305589e-01
-9.683018015925912714e-01
1.085950131983224320e-01
-4.519696165434030632e-01
6.902841067566413136e-01
5.992785348534113155e-02
-7.004894955122625833e-01
1.389213638492836633e-02
9.838592642715086045e-01
5.546725171603732463e-01
7.297682915660568259e-01
-1.974666789615915352e-01
9.869819161376913730e-01
7.542557060259431623e-01
3.257148536110799908e-01
3.962407821903011218e-01
-7.780650331408084375e-02
-4.014381677567861462e-01
-8.948074205891860533e-01
-8.494429302646617774e-01
-4.988773820658169988e-01
4.849033237511048977e-01
3.023194845639303185e-01
5.620604421534988737e-02
-8.393079238880012394e-01
9.234738095572887495e-01
2.288253594202434571e-01
-9.249451433995378169e-01
2.340510825657247385e-01
2.932482718864636295e-01
-8.802017218838591450e-01
-9.195002326163155271e-01
-2.974984299940115484e-01
-2.582431428210009705e-01
7.495655302421154742e-01
9.465948981885916602e-01
7.464239080769112800e-01
3.234633707577952433e-01
-6.442391091442426498e-01
9.963657285280729248e-01
1.583178659655688492e-01
