-7.776798400893052410e-01
-6.464837955351456777e-01
-4.490320586158487171e-01
-9.302275766614807040e-01
3.967325331022296675e-01
2.703275558705311443e-01
5.871158877912121543e-01
6.963932652386224387e-01
-6.959413514723922223e-01
-5.518954788313119586e-01
2.081861741009721212e-01
6.578234613573906708e-01
-9.880824832294321514e-01
-6.200872622786252064e-01
6.229875197513250473e-01
-3.946079809454044462e-01
6.698990834641271874e-02
5.782877490742084348e-01
9.578111944351883622e-01
-4.927521323300787515e-02
-2.786781326339005105e-02
-2.475382697547761079e-01
-2.800839889490758239e-04
-7.572143667735733441e-01
6.980926663638862273e-01
-2.744479189408264297e-01
-4.768504495858472136e-01
3.096364269537755232e-01
8.582329328218081255e-01
-2.971959510356045886e-01
-3.519861518902449027e-01
3.150161917652198884e-01
-8.084132386014797333e-01
3.773389651704330827e-01
-8.542489341731686059e-01
-5.163098013573043099e-01
9.443937000763223955e-01
-9.460868223155630696e-01
7.174790058331421694e-01
6.939913477718671064e-01
-4.222783007084701667e-01
6.561508499777940484e-01
-6.839283652546144232e-01
7.793846943198352584e-01
4.688849310759500844e-01
-4.153287616201013499e-01
-9.434363172324694569e-01
1.088365972560908224e-01
-2.881672593890171469e-02
6.030334604043088298e-01
-2.735074171255402753e-02
4.613616756935192686e-01
-9.049453358647063794e-02
1.943512294871518886e-01
-6.545187876288302564e-02
5.947691821810445756e-01
6.109731117261435474e-01
-2.973326519211412222e-01
-8.946353934379511763e-01
-8.180482599930944954e-01
6.126929787443455844e-01
-7.015038994590743204e-01
-5.505222398635045700e-02
-6.026083830282271681e-01
7.964648566552781084e-01
5.565123194481211844e-01
-2.925955572446981012e-01
9.341027417257213861e-01
-3.283885539243272533e-01
-5.791584813567143275e-01
-4.365022564201617161e-01
9.011084115701166741e-01
9.503986501579926305e-01
9.134169858515063523e-02
-7.059792097814598932e-01
-5.103775189805886958e-01
7.572145570347266208e-01
7.331964804144162073e-01
9.347796229630160880e-01
3.567123130177491941e-01
1.000000000000000000e+00
1.000000000000000000e+00
-1.239434415856116301e-01
-9.482311129479654710e-01
-1.388893804163701673e-01
-1.815245859588717203e-01
2.620044064754956104e-02
-1.187295138194747190e-01
-3.706471364358489562e-01
2.881660941350047134e-01
-5.191498145981958412e-02
-4.324257085648053334e-01
-8.384745555645363169e-01
2.012860759279793410e-01
-6.800215337193025178e-01
4.308237935306180599e-01
-8.768016707586008263e-01
7.423275157575199845e-01
1.111607724697952215e-02
1.325159396041648563e-01
-5.027939798596703369e-01
6.083729370720665497e-02
-6.648006684003460176e-01
-8.076341997967381170e-01
-2.271104714441566363e-01
7.914319349282410432e-01
-8.986304563001832335e-01
-4.567325795114151044e-01
-8.696598522866209879e-02
2.481652703273513616e-01
2.104140127101785107e-01
9.808269287624440391e-01
-1.540633087091233255e-01
9.721658795853642676e-01
7.176264530434401934e-01
-1.000000000000000000e+00
-7.233609514345697988e-01
9.063248134994461580e-01
-8.246700110574872733e-01
-7.595622953897587237e-01
-8.066425683522049361e-01
4.497028125256491426e-01
6.305386348137276276e-01
-5.494679408214451222e-01
-1.000000000000000000e+00
5.683173407107107167e-01
-3.331676970932653248e-01
6.542762806707501377e-02
5.491914403814304180e-01
3.129779663380635180e-01
7.925098978808351458e-01
5.064686989397836347e-01
4.291421390954250348e-01
6.881738324675852614e-02
8.092757900473115384e-01
-2.497901656878800392e-01
7.848738095884634225e-01
1.542205706479611582e-01
6.416810183494525699e-01
-3.929155479454427002e-01
6.420239081230688649e-01
-8.044431915950349676e-01
-4.644749327695552044e-01
-1.000000000000000000e+00
-9.472948149431920095e-01
1.471796204366359051e-01
-8.519373878215048546e-01
-9.397543967498165340e-01
3.616135303030207915e-01
4.449908447093511299e-01
-1.451625164684309244e-01
-4.500801671882717070e-01
2.413533154267526876e-02
9.116486187073351566e-01
4.819404958290366414e-01
4.571259202246826803e-01
-1.000000000000000000e+00
-6.884595886641964313e-02
-7.753638701020326707e-01
-4.069838901958966471e-01
-3.453604688009009327e-01
-5.929061232751120514e-01
-2.211866181734642445e-01
8.282119733100989922e-02
3.298685700037622404e-01
-8.782429477092845715e-01
-4.530378272891502078e-01
2.375789505540853164e-01
-1.942843322188394506e-01
1.248843931760018622e-01
-4.421352530392770874e-01
6.072818353138473846e-01
9.050270095694246120e-01
2.818575142385237875e-02
1.098591167027076487e-01
1.600208854646583134e-01
1.176771138998444349e-01
-5.465544879740424911e-01
-6.164653597460869605e-01
7.379115945920691755e-02
2.981808264485508175e-02
1.387768635045492360e-01
3.444615496215494566e-01
6.028563018018582298e-01
-7.686389545380485355e-01
3.515481794029302609e-01
-3.374257340170350172e-01
-6.839762836206988439e-01
-1.000000000000000000e+00
7.597518457364558220e-01
-6.075308498475848751e-01
-9.182469035422042847e-01
-6.732903318982550456e-01
-6.899183380353051120e-01
6.466248398659970587e-01
5.634273004808663110e-01
-3.913338089582258372e-01
-3.795193341858582592e-01
6.513516199808557783e-01
7.591278802735097475e-01
1.000000000000000000e+00
-9.258822353527300653e-01
-2.444404726957867813e-01
4.040622750091262816e-01
-1.652369795500190364e-01
2.262970654425062178e-01
3.003072267501579184e-01
6.439385263787495983e-01
2.076357977207665684e-01
4.510394273002742427e-01
-9.376285427320114607e-01
-4.550572182919604414e-02
3.555143959827504196e-01
6.278587998979316964e-01
-5.820589761464799450e-01
-7.711037351756806490e-01
-2.183810843837093868e-02
-4.302684703038628933e-01
-1.769814381692427219e-01
-6.579161020784360381e-02
7.025276687451498248e-01
-2.387701520526790411e-01
-5.091657408549374875e-01
5.782314356830129398e-01
7.209373427214451624e-01
3.367661195638970706e-01
4.611416743609549895e-01
5.427695909901908422e-01
6.659083802659254703e-01
-6.964590040718199315e-01
-5.416697040934745910e-01
-3.360624334210898789e-01
-3.418081804612489449e-01
-6.995738866792056143e-01
-7.288118175076172545e-01
1.911508535266430719e-01
-9.368857405565111929e-02
6.188242921015079112e-01
-8.149352610807130137e-01
1.953070286911522957e-01
-5.356019329954664343e-03
-4.622377657078630131e-02
5.575714732315175670e-01
-3.630228027733104490e-01
-6.337808234645415650e-01
-7.064873823171974321e-03
4.459232551593730887e-01
6.628529588923094407e-01
-3.955130816077329636e-01
7.759577093659486557e-02
-1.133458182336171127e-01
-1.000000000000000000e+00
4.086669753398856075e-01
9.766336650103297767e-01
2.035501691250612283e-02
9.776969672256531352e-01
4.663458812812186771e-01
1.487270443259641750e-01
-8.940507595813436126e-01
-2.249254955775115139e-01
-8.731526625776740991e-01
-1.000000000000000000e+00
-7.659274640189848160e-01
-1.104999096300348232e-01
1.000000000000000000e+00
