8.236470018024903972e-01
-3.403827012890633941e-01
-1.120540368241129681e-01
1.006621808195175410e-01
8.778187924323825886e-01
-3.811889269012401216e-01
1.862678950154077473e-01
-3.012747416199775818e-01
5.303744521646251986e-01
-2.368987943374290667e-02
-1.740234542189433020e-01
1.190527893212451616e-01
7.515156034203065438e-01
-7.346296951668752628e-01
-3.847066988271821697e-01
-7.681733515993074413e-01
6.678604530960214891e-01
-1.823571276839142108e-01
-9.483144441600485086e-01
8.945807812156124639e-01
5.811064544041407709e-01
6.883458391746548610e-01
5.337901309585406651e-01
8.302934289936064749e-01
-9.128129733189583872e-01
-8.565921269923444381e-01
-1.734656883924579618e-01
-1.432421427008986545e-02
-6.709866857426926012e-01
-6.426894644557745728e-01
2.571120241564704700e-02
-3.827821749101745219e-02
8.518404475430200185e-01
-6.694811992261000544e-01
4.113705847784926428e-01
-6.547745696004085847e-01
1.114434628374769698e-01
7.874842315519874347e-01
6.851186903318111643e-01
-1.946329397075399203e-01
1.120463280802062866e-02
-1.892609105799147873e-01
-1.507353231362883461e-01
-1.307786344507392562e-01
-3.869186374454862132e-01
-9.997493580111214140e-01
4.985602710146508354e-01
3.680587060828199308e-01
-1.000000000000000000e+00
-2.306191471490176559e-01
2.308089348490816872e-01
1.000000000000000000e+00
-5.677622473052176266e-01
7.158949075430733888e-01
8.871962853022639095e-01
-1.702514983563133411e-01
4.549542826791670436e-01
-1.301398136128967542e-01
9.919278068510918589e-02
-4.089500290602388621e-01
-3.810392951731547684e-01
-9.592811581578739588e-01
-1.326468611036433487e-01
8.546931820673770996e-01
1.841405001423817023e-01
-5.690415270321304009e-01
1.893006802242657716e-01
1.297207367139314171e-01
-4.884375569008740925e-01
-1.000000000000000000e+00
1.546770697196839794e-01
4.944915030317548199e-03
1.535247626363220319e-01
9.361482189425806011e-01
4.494290721063737282e-01
5.044999101522942286e-01
4.898428380483724753e-01
2.502929608629775871e-01
-7.031570701448167648e-01
-9.324708580841891692e-01
5.492993680075259899e-01
6.331940898117671690e-01
1.045536134900847403e-01
2.206204945294742703e-01
5.498916305323104936e-01
1.612794403525362741e-01
-9.837098041410313742e-01
-1.669426485124655413e-01
-2.338608480093843645e-01
3.152214027196542090e-01
-3.831103854407050258e-01
3.192430199845001093e-01
-3.750098771616590110e-01
1.849813258035529762e-01
4.994252741063250345e-01
7.636478046897264838e-01
-9.720441610877291749e-01
5.356328579267768397e-01
-6.597956473942097055e-01
5.722219932212533333e-01
-5.987219843118618545e-01
-9.301058448331480655e-01
-8.806896909481107816e-01
-2.099714533772800706e-02
-2.206758785807048234e-02
8.006555041301192110e-01
-2.649172782912059265e-01
2.148023302580058802e-01
6.329783758388356496e-01
5.257817502503930873e-02
5.019602490342385259e-01
7.242076395348128193e-01
-6.532757639954444029e-01
-4.734713662455887206e-01
-4.609752820641260795e-01
9.607842760770224366e-01
8.845928524573489771e-01
3.185558088184428649e-01
8.235807300100743689e-01
-4.681582679561025473e-01
-9.820091662708602120e-01
-9.249112801588341148e-03
7.498473978637589799e-01
-5.857939611600533336e-01
-1.635691483089928289e-01
-2.605121724203534050e-01
-8.369222475637405623e-01
-1.601607378694661077e-01
-5.405226391830866284e-01
-1.466742419636606343e-01
7.794386374230233283e-01
6.968057428405189935e-01
5.702273994567630400e-01
6.201811159631006598e-01
-9.193146941067446010e-01
-7.807282395099683914e-01
4.593403565300646640e-01
7.107273986400639565e-01
8.055374460003690285e-01
-1.836661391685747435e-01
-1.000000000000000000e+00
-5.844693989365221665e-01
7.783222542838147406e-01
-5.918455122529954204e-01
-1.000000000000000000e+00
5.291590854297362201e-01
7.664093361040942298e-01
-1.000000000000000000e+00
-3.541566481465359684e-01
-1.000000000000000000e+00
-4.590280727500968272e-01
-2.874523622337969986e-01
-1.797247230607217083e-01
-1.008718404325422979e-01
6.484879801632343899e-01
-1.302927329741858653e-01
8.992145522032016780e-01
-2.770041525352682776e-01
-2.535917404147329801e-01
1.192061436475884695e-01
-8.152307938023906075e-01
-7.415319077782615009e-01
5.145438538051240185e-01
-6.925425261650839381e-01
-1.701125950968289668e-01
2.525806970918671457e-01
3.814268703145131112e-01
3.334003531349005733e-01
-8.040259796361569622e-01
2.329622347640019908e-01
-9.335294995362104498e-01
8.136650353799965152e-02
-2.299527772266344583e-01
-2.319943909775954438e-01
4.939420117065931870e-01
-8.516173674551312800e-01
7.718066186547725138e-01
-3.560146766244407512e-01
-3.670183412387300614e-01
5.536109520143102092e-01
3.386904299487552006e-01
-8.893612842176404909e-01
-2.456167924412884229e-01
-8.291616780828164890e-01
3.744198325109791003e-01
6.727249232787171351e-01
9.824923183371122581e-01
-2.361865585313931426e-01
9.251130905871191024e-02
-1.538109663927342274e-01
-2.632153392791371505e-01
-4.622503608740467507e-01
-8.071860969777115979e-01
-6.288369715573982610e-01
-9.627636907533890231e-03
-7.092578529975337442e-01
1.457601221295139471e-01
-3.268597330931478639e-01
-4.371753940038107800e-01
-8.479463511472860038e-01
3.550823097014929042e-01
-5.592516442846396929e-01
6.330138427839743231e-01
9.000493907734785637e-02
-2.886619780118467871e-01
-6.786318117574080544e-01
-2.900911451248369133e-01
-7.528573581781914381e-01
9.480008052952755282e-01
2.455291405882351619e-01
-3.177736888645631419e-01
4.961265608916996528e-01
1.000000000000000000e+00
1.864390450486934914e-01
5.411155262254045972e-01
-2.190276211812416940e-01
-1.000000000000000000e+00
-1.618291428649396568e-01
8.842408306761118109e-01
5.391037089713033303e-01
-1.634366300817238216e-01
5.920095855088134545e-02
-1.056702271849372099e-01
-9.172672671016284252e-01
-8.766380635934467591e-02
6.136532272978209024e-01
-9.398432888496444093e-02
-6.032249942465561787e-01
-9.672038499229775044e-02
-1.000000000000000000e+00
-1.961242884857640201e-01
7.443129274234092652e-01
-1.344962932923300658e-01
3.274368836048540121e-01
5.932739398611354131e-01
1.843520421316766633e-01
-6.715712061163696400e-02
8.437236293581863444e-01
4.999508329712305521e-01
-8.817248241132411568e-01
-7.071288250034586387e-01
-9.426285947328090220e-01
6.104710157854700281e-01
-3.203210822955180337e-01
3.784829450809842344e-01
-8.835852611582863947e-01
-2.915345052359366584e-01
-3.030995364228370459e-01
7.032156185075466581e-01
-2.888184727080365111e-01
-4.331123796830333994e-01
-3.229357889958547334e-01
-2.985139344828033892e-01
8.750616953737849757e-01
4.004545815216922211e-01
-6.449920909893409604e-01
3.403080390847411096e-01
6.287708032717227447e-01
1.855989742221219874e-01
4.880978102079756020e-01
-8.940803134027022203e-01
-3.949047996831783758e-01
5.379550382970010869e-01
8.635829843412435869e-01
-9.688650681863437697e-01
