-6.390611369030734235e-01
1.842571529733865177e-01
-9.402168435718822881e-01
-6.364441892272147960e-01
-8.611733402139698512e-01
-3.304323660323205125e-01
6.999826881624193753e-01
5.821022729026743558e-01
-3.060813956724752760e-01
6.584932418231354001e-01
4.625534923300248513e-01
-7.092877420292503787e-01
1.958170468168559941e-01
-8.226911439819306615e-01
7.809485436938203851e-01
-7.653463406227978272e-01
-5.811707066428731805e-01
1.891401123275201490e-01
5.757787544999457552e-01
-7.515486656036953761e-01
-6.917781538959336673e-01
-7.866740124085981611e-02
-4.253493718615778407e-01
-9.855374893061135122e-01
8.138630458510147658e-01
-3.903426699278476075e-01
4.978110554297253687e-01
1.000000000000000000e+00
3.940710766059144499e-01
-4.339688759838787879e-01
6.787647803797303148e-02
5.581735839240797858e-01
5.311055089512444205e-01
-2.681285703420289157e-01
-2.904417918229467571e-02
2.049911136978922743e-01
-6.839802535463906930e-01
-8.922073079460085543e-01
4.837517862900947985e-01
-1.000000000000000000e+00
4.031573670896060890e-01
7.053435561968857126e-01
-2.601826794968709750e-02
-6.478871897057690843e-01
3.530414372765008912e-01
7.601767549422011605e-01
8.182656203888482027e-01
5.212006923199719033e-01
-6.612325754008153700e-01
-7.837512300187963188e-01
2.779392296069421175e-01
-9.755323962183570785e-01
5.753037983939939259e-01
-1.434593197633548534e-01
-9.707461002632922220e-04
-5.125758744440948034e-01
-5.583507926300937951e-01
-3.874662896910319732e-01
-5.524739998876831981e-02
-5.957890814340087715e-01
3.429791423644437121e-01
3.652682323875559162e-02
-3.517156186005709895e-01
-3.587553832145354837e-01
1.463527055951147626e-01
-8.081853007330748184e-01
-5.114449497136329681e-01
-5.191201898722690444e-01
3.870567253707355437e-01
-4.700162745303102518e-01
5.913640246096072417e-01
2.657674616217729491e-01
-1.886461726442885123e-01
9.385792094631659754e-01
-2.198560005137049911e-01
2.945180198320815346e-01
-8.929673600506563558e-01
-7.045309725056541073e-01
6.837085743040156594e-01
5.534204192985162640e-01
-6.744067880222873734e-01
-4.996406198430010104e-01
-2.170793784486396705e-03
1.275105643233800379e-01
-9.889091895763298945e-01
-9.098397419690520960e-02
9.688567885496263132e-02
-7.636304349847146122e-01
-1.305440353305733492e-01
-9.454464944251721181e-02
-2.271074719992234592e-01
7.034741494921550320e-01
3.275253187800639676e-01
-8.058700938442406869e-01
-1.604012355419317526e-01
3.563254758157201607e-01
-5.413610986512076284e-01
-2.709899822363741606e-01
-1.042906612272424260e-01
3.508810170798631889e-01
8.508271489586958225e-01
7.530392128865115442e-01
7.821225483108065202e-01
6.362925913690263835e-01
5.749459909883978259e-01
-7.264906606705601178e-02
-3.630754682106860365e-01
2.430690444138705608e-02
-7.253795581178266172e-01
2.985023490862525608e-01
2.454533558355399270e-01
5.711914113449546582e-01
-8.428921397350048750e-01
-4.155123063268190142e-01
-7.081392873016234546e-04
-9.006013147275068187e-01
3.250721287291601369e-01
-2.782610017283195791e-01
2.373683470238305837e-01
9.178633523044414932e-01
3.727121472243363209e-01
1.079312865917821662e-01
1.986991880037691782e-01
-7.773443997497114788e-02
6.106905153582364854e-01
6.960841882702838435e-01
9.515227931993532895e-01
4.817313755790634255e-01
-1.290471172052533588e-01
-7.980786797011931721e-01
3.659611521576897619e-01
7.900012317188715993e-01
-8.072739844116061381e-01
6.180324102461240976e-01
-7.759592396535917036e-01
5.929999146551596656e-01
-6.940729780048264796e-01
1.626322824022477520e-02
2.122614501590348313e-01
4.719048974339641322e-01
-4.922842135853217060e-01
5.891164818351397603e-01
1.000000000000000000e+00
-5.193268982507467380e-01
-2.085731467148345397e-01
-9.893466754827620058e-01
-6.676782000590066879e-01
-4.138293285781924902e-01
-5.030445816107542711e-02
4.199296389941979957e-01
-7.214918218121321170e-01
-8.307225074342231563e-01
-7.851746570935835834e-01
-2.749077448524221978e-01
1.301635295936780512e-01
-4.416047397815391906e-01
6.998522460466144457e-01
9.323699993248699691e-01
5.089242072036138653e-01
8.384577574635435626e-01
-8.883970985568965251e-01
-1.000000000000000000e+00
-9.276336017879797113e-01
-6.677840017873657441e-01
-8.304934132806290892e-02
-8.693548014931257173e-01
3.381690575515152175e-01
-5.264015217934466806e-01
-4.364370158389645482e-01
1.876820581760432413e-02
-5.057958978752472579e-01
-5.028929335234167547e-02
-2.558198566127395379e-01
-4.163402930210755581e-01
3.929519037353676469e-01
-9.808799333792037611e-01
-2.353062606569217563e-01
8.871282961091557784e-01
4.232436144225815711e-01
-2.837119124387906810e-01
-2.578381027369845979e-01
-7.402360894239609079e-01
-4.439109451095796244e-01
-3.720430950432641048e-01
3.277384670672699452e-01
-7.117372954929157558e-01
-4.546269126767350510e-01
8.271287808906582217e-01
-9.965273043286948518e-01
-6.888471530585895675e-01
6.133842745810533792e-01
6.233286344162355941e-02
8.657892167300677011e-01
-1.572427048997650512e-01
8.682735979092004452e-01
2.616798432996680912e-01
-6.951294620836563354e-01
-7.369092131572171391e-03
6.397896231073348927e-01
9.901146195191752319e-01
6.783191475129759507e-01
1.020217499070085743e-01
2.433252480262968476e-01
-4.902897194153427174e-01
3.923667019840992864e-01
-2.363734466330613682e-02
-1.933337117198086208e-01
4.644287095646280061e-01
4.499196671924481361e-01
-7.786208355881278909e-01
2.619992667737527370e-01
7.792978561980563601e-01
8.092740293546539787e-01
-6.850337663546006706e-01
7.638889433440034793e-01
4.427504329381702908e-01
8.624228483833051850e-01
-2.418731746986802489e-01
5.733325360645600277e-01
-3.601453484470521493e-01
-6.712771574356433124e-01
-4.867850766953147890e-01
4.724063467341983458e-01
4.069104862773325060e-01
5.866309544111216745e-01
9.179215345848840135e-02
-9.223304060973496199e-01
-2.887183130857255975e-01
9.366508831296500581e-01
-6.852833133744677951e-01
-1.000000000000000000e+00
-7.100420828004697649e-01
-4.513260545512229327e-01
9.225299278758507526e-01
1.000000000000000000e+00
-9.418867325152394665e-01
-1.556545742101425878e-01
4.446567264324769453e-01
3.695186478212139636e-02
6.832196407749557832e-01
-3.562437540769570199e-01
-2.140275586964798249e-01
-2.869855345238282451e-01
5.893952540664855189e-01
-7.563824782277611680e-02
2.778943609467465214e-01
-5.219060673286761709e-01
4.634852715397568823e-01
6.673328067351207427e-01
-3.345274390245278617e-02
-4.778041767162375941e-01
-9.558790835805867081e-01
6.880755302406365015e-01
4.178969643782073917e-01
7.503535640709761978e-01
5.628695018636737935e-01
1.881477629060701595e-02
8.617133076153694615e-01
5.199642865225185817e-01
-1.000000000000000000e+00
5.279469865477305346e-01
5.007038341226516254e-01
-1.000000000000000000e+00
-2.193076172176527672e-01
7.046348015782808449e-01
