-7.247856395205808377e-01
5.223811723345731517e-01
1.978388222191899970e-02
-2.747592605696171919e-01
3.445165894330637357e-01
-1.652971691842517465e-01
5.712764271711878727e-01
-9.033299186527714575e-01
-3.779549639098460090e-01
-8.257289968849117479e-01
-4.744425140100450022e-01
-8.859935591338861105e-01
4.717427687674949355e-01
4.141230137801122368e-01
6.213624384607827622e-01
4.943789758874677087e-01
-6.699018523624917787e-01
6.229791924339248554e-01
-9.424040746694717363e-02
-5.884480764160460176e-02
-2.429287436393361421e-01
8.456812003938160571e-02
3.182852229309685033e-01
-9.575675527028937317e-01
-7.282279957682256111e-01
8.352581151072899779e-01
5.585394242277705867e-01
-3.603589379713567631e-01
2.897844352889640263e-01
-1.449707527981471678e-01
-8.705827594706674333e-01
3.804379087045806074e-02
-4.024065437512214238e-01
-5.871806792598970315e-01
-2.420602228300412495e-01
-5.707396599898220124e-01
5.850801087601924522e-01
-4.699546053636510234e-01
6.744682707124360910e-01
5.857523684734349256e-01
-4.602352316047582104e-01
1.785716837747453045e-02
7.334217798937501254e-01
-9.075908245161400378e-01
7.071499788292201494e-01
-2.808304433951127610e-01
8.929908514651416773e-01
1.510373008826808583e-01
1.046721298299984060e-01
-5.657426685408806222e-03
4.015737428956069888e-01
6.534572055059492124e-01
-2.405853504029067391e-01
4.669445062649998368e-01
8.041360087782973842e-01
7.908863425472881237e-02
-2.851834345603578846e-01
-9.881295363521602759e-01
-5.321832666620236463e-01
-1.384412680027369280e-03
6.079807924360308702e-01
-1.870360337916399107e-01
-2.154623317984990793e-01
5.162078197480970410e-01
-8.729280104046348576e-01
1.938873450730251857e-01
2.107004605394630081e-02
-2.636529920055716847e-01
1.091559036683998202e-01
8.939385688814469599e-01
-4.127043536665899182e-01
-9.881383994687031880e-01
-8.328282596309681818e-01
2.775505150400901511e-01
3.885473006807869112e-01
8.082897385818499369e-01
4.236245379904627351e-01
5.357669595361274073e-01
-2.566420750637381509e-01
9.869171093541777573e-01
8.273842402426301312e-02
-6.107062868296895264e-01
6.761942645252108086e-01
-1.158000402197680856e-01
4.164559875497577668e-01
2.400793992066472538e-01
-6.924427185985839728e-01
-5.255576244448936230e-01
-8.846918372500480743e-01
1.464884308395522639e-01
-3.378622153001793471e-01
7.086772697272629706e-01
9.850309137936227866e-02
-6.811088744005056039e-01
-7.349449956029543429e-01
-1.932125874736603799e-01
-1.000000000000000000e+00
-2.516422516578924184e-02
4.577486629881430402e-02
-9.428029122593936662e-02
-5.973679318984596032e-01
-8.789153324950607082e-01
-1.722612486143426658e-02
-3.906964453912411539e-01
-7.238295441037021494e-01
8.650269171025796178e-01
-2.867971108830444926e-01
8.323763557548209402e-01
-1.879670631641279788e-01
1.323298832302682027e-01
4.974370507561860499e-01
6.094356446295279284e-02
-2.384836099811963872e-01
5.763214673635068674e-01
-8.277672030933185265e-01
1.000000000000000000e+00
4.531880171212456787e-01
-9.340762855766864270e-01
4.088253883806586275e-01
-6.439164313613232604e-01
-7.187575274160762362e-02
-3.505136068263121907e-02
8.904462137591190318e-01
-3.479941313201588837e-01
7.601586823084700573e-01
-1.672376047645871555e-01
-4.754473412472099980e-01
8.527113379168509422e-01
1.000000000000000000e+00
3.685146654937805910e-01
-4.195431385580119521e-01
-6.361912658205980120e-02
8.671706674825000460e-01
-4.289188181133548605e-01
-7.045396622170442269e-01
4.024781743529660671e-01
-8.960288467758613651e-01
3.022020117705768172e-01
-6.468635924583634456e-01
9.344113864719225671e-01
-4.049209644483978687e-01
-4.263422912541252607e-01
4.839784698114663053e-03
-8.744747082492625445e-01
-1.737159913463054983e-01
-5.345309327143340505e-01
-7.165552800029326708e-01
5.253053293079590347e-01
7.294614129279370918e-01
-8.193704607828746767e-01
2.426071179570429004e-01
6.536707862316486484e-01
8.415037375183098689e-01
-8.006351504836761723e-01
6.079257611427827390e-01
-2.857488925998508122e-01
3.649898919165279754e-01
-1.100617713340499293e-01
3.337966747641085696e-01
5.038557552137730156e-01
1.004699426299504733e-01
4.306272007892824050e-01
-1.924845086623268031e-01
-4.815419677646695096e-01
2.912821695555283252e-01
-1.529202613344549100e-01
-7.701428198119841806e-01
-6.282606371791721322e-02
5.382891815287491610e-01
-7.351672190725200284e-01
-4.282139672110077400e-01
-1.000000000000000000e+00
9.844528838212819322e-01
5.538335874545784465e-01
5.308762389082002375e-01
-3.631851552613061251e-01
8.616295745450962551e-01
-5.962963613921027362e-01
8.339021784634568224e-01
6.104443880119621024e-01
1.000000000000000000e+00
3.655718796309726515e-01
5.597395417243569149e-01
-2.836327510261438256e-02
1.454767360817886823e-01
1.809544335742095666e-02
-8.735093513175421487e-01
8.713387200918244480e-01
1.904893035638788312e-02
-3.643837744159426073e-01
3.135657335839563409e-01
5.381245595004413573e-01
1.155105250497386604e-01
-8.141501524361950404e-01
7.063761825873167144e-01
6.803421677065062401e-01
-3.096935953913451112e-01
2.203954329256898603e-01
3.804701490022101007e-01
1.676854952278183236e-02
-2.741578027315276778e-01
-2.876038797255375812e-01
4.645865470070918435e-01
5.230071785673291451e-01
-3.847043937863006136e-01
-5.158545351031488257e-01
-6.547559742767830038e-01
1.035883860282229563e-01
-1.000000000000000000e+00
5.777642531975030193e-01
-7.944691572566731086e-01
7.884770761776536130e-01
8.202036163489336840e-01
7.946038632660548107e-01
-7.844343642453315280e-01
-1.798293710269129875e-01
-8.779227147790473751e-01
-7.658810660225576772e-01
7.432380473331647863e-01
-1.152777273843665906e-01
4.953559568156817861e-01
4.726403267749156312e-01
-2.527622390654122864e-01
-4.965919027245676021e-01
-1.450633545039972661e-01
-8.624878421661923422e-01
6.998384507358105244e-01
-8.909871511994738036e-02
6.926354446288034428e-01
6.629271281334403465e-01
9.318458073520227702e-02
-2.837009817508988618e-01
-2.364914782406437599e-01
2.110511259808580675e-01
-1.185538433999796248e-01
2.457418895079735710e-01
-8.169852250750183620e-01
-7.392979622092250569e-01
-2.664254324919418937e-01
-5.082065414694116878e-01
-6.461607470733554681e-01
-1.967915123643791953e-01
-1.596681351497880319e-01
-5.839439703296686046e-01
6.875065513649318838e-01
7.379747132647207497e-01
3.737993990711829251e-01
2.477491898207027088e-01
2.222831677040749132e-01
1.958135828635645392e-01
5.729212210422036655e-01
-6.885111595049181465e-01
5.842757383675640792e-01
-8.896582525900408045e-02
6.762374319656312416e-01
7.509441891140162806e-01
9.265396438712220073e-01
6.707933625087676432e-01
9.335388195227786179e-01
5.517416607569149978e-01
6.412839337330282774e-01
-8.074397802850813433e-02
2.111946201662025513e-01
-8.463181827471826235e-01
-8.210249759504792966e-01
