7.582297437791269967e-01
1.000000000000000000e+00
3.149950055841524432e-03
-6.604010624866220036e-01
5.458158444044041158e-01
1.928028253121172320e-01
2.151002048992370352e-01
2.348481402591902079e-01
-8.883613956848934734e-01
2.234208788042821303e-01
-1.011318881204300302e-01
-5.279883187824183643e-01
-7.911685768371049532e-01
-5.877965920816532464e-01
8.676859759852550980e-03
4.053250098011378366e-01
-1.297482268241816339e-01
4.289770434445858704e-01
6.251955431010158826e-01
-8.017897155395635744e-01
3.819000804185248565e-01
-8.409775667301599977e-02
-8.332016782470543781e-01
-2.762105489300054062e-01
5.751060451648291050e-01
-3.953440632193188087e-01
-2.147069166960646758e-01
-5.022422988082189121e-01
-8.256615603030481587e-01
6.291898032041853828e-02
9.468102859574170083e-01
7.020055455842563186e-01
6.831695191208719820e-02
1.000000000000000000e+00
-6.425784387239423801e-01
2.296834854802846937e-01
6.509819097286523304e-02
-4.522271591941073865e-02
4.673951304538980778e-01
3.814585323659691607e-01
-4.141064201168654924e-01
-8.556801675380476535e-01
-3.622447523751790577e-01
5.025388335745009094e-01
-3.458175023980440965e-01
-9.458114135670927514e-01
1.903056724494262275e-01
-2.244545418481134758e-01
-7.376394242952135638e-01
8.010276136193106300e-01
-5.956772016497873246e-01
-6.306144232862198606e-01
1.508519724518360694e-01
1.968332704455585669e-01
9.286846915423406790e-01
-4.278557476417611527e-01
-1.064289453464312973e-01
-6.709574173290582255e-01
8.310675994108714937e-01
6.528293237026967510e-01
-3.204706010594760013e-01
2.574000859056380097e-01
-2.006457052354317927e-01
-4.050399304311722015e-01
-1.427578058768466107e-01
7.546995088381915906e-01
1.255233632660279763e-01
-5.868904080265107126e-01
-3.850554560313515506e-01
-1.890482504474805259e-02
-6.074843571162333866e-01
9.707307382359586789e-01
-7.046606226441389786e-01
-5.314179356935101461e-01
-4.354316506747200610e-01
-7.391814117201136458e-01
2.823784405629531369e-01
3.997137939034700604e-01
7.109117072885147159e-01
3.016161592582726758e-01
-7.421525635529071518e-01
-7.039016492081096033e-02
1.272504279115986292e-01
-7.298201292780670535e-01
6.807494771881633655e-01
-7.089293825417952721e-01
3.840857171442496054e-01
2.163129165590809144e-01
-3.434585770100715418e-01
3.248083410265127924e-01
-9.615974472784900584e-01
-2.645159898660343067e-02
3.128606766736683475e-01
1.381414652922234310e-01
9.170102531014114877e-01
-7.885439265590391544e-01
9.543234962147639777e-02
9.190213126104815888e-01
3.118706887101554415e-01
-6.123887535455907472e-01
-7.075632559715128167e-01
2.655010204839972632e-01
3.250392722601886941e-01
3.924424166745468234e-01
-8.446127986649163422e-01
-2.932249603840824115e-01
-6.934989665034629880e-02
-8.348590473649721844e-01
-1.064451233284599563e-02
-2.428301508696502076e-01
-7.289912056279033159e-01
4.550746888071640628e-01
-9.146290051177492775e-02
2.919766154905560906e-01
-8.148919558797036444e-01
-7.732559003846486423e-01
-3.812993089297272986e-02
-1.851462095652995354e-01
-2.502381062470127593e-01
-8.410061099603183266e-01
6.281813348544587061e-01
-3.388591194814059016e-01
-3.096254911358200523e-01
-9.711276059762830037e-02
5.044230294360394495e-01
8.475005525390131300e-01
-6.929623910401792042e-01
6.313071438963582249e-01
-4.167348419661283110e-01
-3.234986149866863614e-01
4.401898284859391830e-01
8.070853223119451858e-01
-1.000000000000000000e+00
-4.018437418711422460e-01
-1.000000000000000000e+00
-3.969583823785889920e-01
-1.248161664200060361e-01
2.785167874037348668e-01
5.132392947468074063e-01
-6.337501691695757167e-01
-9.558824529995587627e-01
-1.916377410014735716e-02
7.388348666862942782e-01
-3.484978136515983760e-01
-3.993033856412511184e-01
-7.866324128378883174e-01
-2.371202905972352171e-01
-8.520520677423618627e-01
-9.302473298903635168e-02
2.485394501364095454e-01
-8.641104095298588472e-01
5.140170850493830379e-01
-7.453551787321224253e-01
-1.643964129521120476e-01
-2.421200081653747116e-01
-7.896993321036014368e-01
-3.766567711860326906e-01
-2.409428619673402439e-01
-2.966279514309569931e-01
3.667407840653670592e-02
5.981700077132048321e-01
-7.251695225456767924e-01
-5.669014253165858275e-01
7.379309390314597872e-02
-4.468850695458145839e-02
-6.135884038513538252e-01
5.941291931007365301e-01
-3.913968293306276380e-01
-8.917595982427450885e-02
7.184654404465180555e-01
-6.518416478842343764e-01
9.394314256366512184e-02
-4.843752841225332229e-01
6.387022511800944935e-01
9.696808298417340932e-01
-5.844077144644042043e-01
5.857467413187888994e-02
-7.922342052027963044e-01
7.685813665819312135e-01
9.247325235806088672e-01
3.401238413012415140e-01
-1.000000000000000000e+00
6.450319467921916683e-01
4.817768029409471575e-01
-1.506649616385031809e-01
5.075391813313510914e-02
9.540897203900962076e-01
7.494632315028586511e-01
2.978870183490548440e-01
-6.226349758188597372e-01
9.687300841076584845e-01
-1.678266029599112530e-01
1.000000000000000000e+00
-2.814231813303975649e-01
5.415102472908754905e-01
-1.702055421396779789e-01
3.751096569298073558e-01
9.777955750683475084e-03
-1.274226975110977211e-01
2.016068901576252570e-01
-3.011047416618061745e-01
4.994489924122044733e-01
7.853981702739143422e-01
5.176038486442613440e-02
-5.355839079523395940e-02
-7.576846185234904496e-01
7.547508045328252813e-01
-8.121392032694371155e-01
-9.371608884571205333e-01
8.862473295370202342e-01
-3.473019713594702740e-01
-1.934500335548579031e-01
-5.897928739480029492e-01
4.523793235789248524e-01
-2.690685722360456889e-01
-3.688085797949316458e-01
6.375299052441318892e-02
-7.273061940725895624e-01
-5.131428853009990521e-01
-2.025881760928997521e-01
-3.593509334840196967e-01
6.116190235840661682e-01
-6.794312957438715106e-01
-2.429868942012518296e-01
-7.291088085076961045e-01
-3.558264869966060728e-01
1.872431975449198038e-01
7.072160930625888131e-01
-5.946427367059645697e-01
-8.343039849968647559e-03
-2.656834915373500472e-01
5.676265790685820489e-01
2.143591061034108292e-01
1.888816977511494910e-01
9.272938727047430607e-01
1.062036375454316062e-01
-1.881091179235809818e-01
9.738275533310466470e-01
8.551477040135794239e-01
4.630878805984952606e-01
-6.342067205987629297e-01
9.451545710208451023e-01
3.568726786199725165e-01
1.220633081854897578e-01
-4.636734905397388307e-01
-5.890919998090669157e-02
1.173240055158448758e-01
1.490146370161820333e-01
5.872674151322524461e-01
-7.492789763862697239e-01
-1.104431689669167493e-01
-9.563396572420340691e-01
5.509671735603767218e-01
-4.214659683792376654e-01
8.144666133711363498e-01
9.677001349216363124e-01
-6.747526454106844707e-01
-2.236614438802666527e-01
-1.269681179608690424e-01
-2.047640065494254202e-01
7.566082771656669204e-01
5.713744141258469966e-03
-5.523839834139900873e-01
-6.994842563233978350e-01
8.670288100937992293e-02
