1.000000000000000000e+00
2.215489497925808848e-01
-5.486975940614629010e-01
5.233177676712941206e-03
-2.729418156598830691e-01
-4.108473736616109484e-01
6.025887189577563419e-01
3.108529622198301645e-01
-4.166150931747036879e-02
6.021677691194893267e-01
-5.307492942101676991e-01
-8.388059494725230714e-02
5.767875970487728043e-01
-5.891956991980731306e-01
3.990343918135321744e-01
7.369258605457034150e-01
5.029779297207346289e-01
-3.985266924845435876e-01
-3.929361428460533823e-01
1.313586229325993671e-01
-6.750827327613482254e-01
-6.046532410145433190e-02
-6.824871350493321165e-01
-4.073066625406827068e-01
-9.951251988207414634e-01
3.905843609180176812e-01
-8.222342963499964519e-01
1.647782574226970276e-01
8.602206268354370966e-01
2.268858696137363573e-01
-1.145431263578247094e-01
-9.243181010572397716e-01
-5.834826844554725778e-01
-5.821415521210064892e-01
-1.139616430420977711e-01
-9.536317119026274103e-01
3.781846777482347211e-01
6.906897401021161453e-01
-1.625628889613769945e-01
-5.047269311676632064e-01
8.440073191040229350e-01
-7.078874532487211546e-01
2.798343520305639487e-01
-5.694246403766987097e-01
-5.934519399708679810e-01
6.019298955205798496e-01
-7.978699362550181196e-01
-7.525817356106165867e-01
-9.374301792499735164e-01
-3.628257636245024731e-01
-7.444037983648550405e-01
5.543851239059611746e-01
-1.404567218344952018e-01
-4.830755369131174426e-01
-8.222915869396165700e-01
-1.611534154894138648e-01
1.251083858094492740e-02
9.496076847193530845e-01
-1.946343149089366786e-01
-4.905023624079376532e-01
-8.811853855485579645e-04
7.036900084846751113e-01
3.092333411962111533e-01
9.004568031283981533e-01
-2.155710152867728047e-01
4.225043389698477925e-01
9.582811912882431837e-01
7.037518775202749044e-01
-8.819958057247845318e-01
-4.961551020443280002e-01
1.872427801476381770e-01
-1.171031577070196089e-01
-3.665454879844483038e-01
9.788637473787462628e-01
-4.994168588678347120e-01
8.457795614127124884e-01
-4.343945770804746864e-01
8.124218221105889981e-01
-2.401875661498238390e-01
2.821972204509654025e-02
1.016418977176496430e-01
7.956756996862774933e-01
-2.364457582679742875e-01
-1.859639951364036592e-01
3.241378396317042276e-01
5.116258462135144791e-01
-6.978710631896327676e-01
-6.095188665399822181e-01
2.949081547829158767e-01
-9.844706517221504249e-01
-8.349458699176299792e-01
9.227450918472743235e-02
9.060499660655390031e-01
7.655307958777095578e-01
4.616442684941536867e-01
3.792397981067187063e-01
2.273272336492742074e-01
-5.005880695902218402e-01
6.622322638825711705e-01
-6.197123458031514875e-01
1.000000000000000000e+00
3.346488523786694813e-02
4.163140211034899174e-02
1.522641008191552014e-01
2.006693083928791366e-01
5.737470280204104434e-01
2.961166516274624239e-02
2.360494412704270406e-01
-8.567101104329276628e-01
-4.243746496831295456e-01
-8.940977527668236835e-01
3.902736413110317049e-01
-2.735356218150375440e-01
-2.779561438039690469e-01
1.557146092991635589e-01
2.756299006623736392e-01
9.020468901608698076e-01
9.832800788629292299e-02
4.758541592811063592e-02
3.299122860604528640e-01
3.356434905826792825e-01
4.861263215373847757e-01
3.262822144005428360e-01
5.925157884212661763e-02
9.478732868173789239e-01
2.624488318457629532e-02
1.043911074053778254e-01
7.159273953533418222e-02
-6.648175897213230989e-01
2.838841184155493913e-02
-2.083374087717290990e-01
9.794981914592493233e-01
-4.935671773435356124e-01
-1.575879687435784438e-01
-2.641026415857949949e-02
9.572266182163522430e-01
3.943639472089408571e-01
-2.989302570618739274e-01
6.332491527487160710e-02
-5.821912834798750325e-01
3.316128898766401711e-02
5.514173310935133188e-02
-6.491069479006794651e-02
-2.680400573435117728e-01
-1.972354511697900215e-01
-2.589800526364061106e-02
-3.979017192826673210e-01
4.781326895719770764e-01
-7.049324113809021242e-01
6.981925462098967361e-02
7.203161935922074433e-01
2.903606775668069462e-01
3.194618598029164147e-03
9.158380375793657713e-01
6.452442976429577648e-01
6.474098031251076524e-01
6.640261931155242436e-01
-1.453549405589639743e-01
-3.510410309201361656e-02
6.429871566066791555e-01
-7.452918037241498261e-01
-6.103791872687103215e-01
7.250677264423390778e-01
-7.571075611373212499e-01
-1.080175558162141947e-01
9.193247632091048338e-01
2.573287281102643043e-01
6.570623512792093113e-01
6.894646911450985627e-02
-6.522611779390314890e-01
8.041280654668780947e-02
-2.693692756954743639e-02
-9.188087977400052342e-01
-3.669761435700399366e-01
8.509758498871540233e-01
7.370328604386213733e-01
-2.733060446353257067e-01
-4.413374885726655261e-01
1.445949190081604330e-01
-8.103556309493963328e-01
-7.671986149160467949e-01
-1.873745890869102093e-01
-8.179750083357306689e-01
4.931311204242840862e-01
-2.954024120872447146e-01
3.287201961742645118e-01
9.678359124014699333e-01
-1.344123579084310904e-02
7.768040128061697303e-01
-8.568293061600211757e-01
-3.043312251771139731e-01
-8.365413839699722409e-01
-9.624999331483476972e-01
3.969169079273306977e-01
3.127073922980572185e-01
-8.112420583146002784e-01
1.063149000596166349e-01
-9.848760702688681423e-01
4.218056622108611875e-01
2.234946362258175834e-01
8.662680672173754814e-01
1.727015754522153723e-01
2.676916037049046349e-01
-7.986709239382880909e-01
-8.077435641183425830e-01
1.428717763637488147e-02
9.430234513448076950e-01
1.363913423117002477e-01
-1.133280617051396072e-01
-7.170804685295651959e-01
7.945300720736503397e-01
5.645180000148257715e-01
1.300266751178411340e-01
-6.317554321690699304e-01
9.640535613291076888e-01
1.081498435561627502e-01
-5.031692577314077486e-01
-1.622276949354588549e-01
6.293412057750371602e-01
-4.149125396136512656e-01
-8.592996521315219294e-01
5.124095165605730973e-01
4.380717606880836779e-01
4.412021008929742916e-01
3.778697326015301172e-02
3.982573690941821898e-01
-7.677537899244312181e-01
8.947145366166229241e-01
8.765894413054912127e-01
4.196001025185396305e-01
-1.682522175093734695e-01
8.026396706677485504e-02
7.762228810131965862e-01
1.361492804915256372e-01
-5.720865289545791210e-01
2.270077296274101153e-01
7.960437459128790749e-01
-9.643176241366915313e-01
-8.537880579836407691e-01
7.538454357005450746e-01
-8.412232501623937431e-01
-4.534819045995188702e-01
-3.931347995039276011e-01
5.326866020772236254e-02
8.200063091102423041e-01
7.109762676632138678e-01
-1.999902216732192262e-01
-7.768403000793674407e-01
2.980723190858520777e-01
3.793377897699135026e-02
-3.555455898942745385e-01
-2.057877664525000760e-01
-7.342532317524921304e-01
-6.678406093975923496e-02
-5.914463662741356043e-01
-3.400396843012292170e-01
7.023797538369394022e-01
8.102489246088071528e-01
-2.970072178988003575e-01
4.734656821937264226e-01
-4.093297417197010457e-01
3.725368228828275230e-01
-6.658950268032446385e-01
5.373878359243893232e-01
-1.000000000000000000e+00
