4.863088414213871946e-01
2.156156473386285077e-01
-5.258036943284711828e-01
-5.869281531207645175e-01
2.208042516692922952e-01
-3.008167789975479400e-01
6.350700963418438594e-01
-1.794789951796790517e-01
2.182973343657788057e-01
4.088882388151884317e-01
-7.622307956608151969e-01
-8.375020913009204593e-01
9.847446299630945310e-01
-6.011028355145561219e-01
-5.227746656526116587e-01
6.450621697808811561e-01
6.443619995185048688e-02
-7.672849618431621943e-01
-6.497811098493154747e-01
7.904591306934214412e-01
9.458745480822032536e-02
-6.142288329830201121e-01
-3.938860117723111398e-01
-1.000000000000000000e+00
-5.397271000927115203e-01
-1.842069045494280077e-01
-6.698170624009880392e-01
-6.151389236802282667e-01
1.030242118497567694e-01
-2.034906614515241685e-01
-8.619283486143405337e-01
-1.021679007303187142e-01
9.260499007954604567e-01
5.262188909440304041e-01
-5.274432879796059348e-01
-3.394419471324862103e-01
6.928996103908062754e-01
4.604421484704305234e-01
-7.444022190744048473e-01
-8.866014451158735210e-02
-7.784089041757727978e-01
5.367743037674461704e-01
1.188213295055098317e-01
-3.397375898884923417e-01
4.030508185784351105e-01
-5.868608849530259075e-01
-4.298148642679631148e-01
-6.067977866870531978e-01
1.837955356754020497e-01
5.750409447544695130e-02
-4.015916064560720589e-01
2.096117546413406307e-01
-1.392448345592382786e-01
-9.195879616303861415e-01
-9.480708514546924981e-01
6.997832549961204851e-01
6.720556149480605423e-01
1.061468395005189455e-02
6.157604865545238670e-01
5.878562796387281075e-01
-5.896447262521983257e-01
-7.124294935958175312e-04
-9.199150206380600769e-01
-8.359830735183918504e-01
7.363286259897698915e-01
-2.204661852007298029e-01
1.606222094229276531e-01
4.127001539804887043e-01
1.393652248151304174e-01
-8.066443161964655939e-01
-6.247669318764227653e-02
3.672754548907405936e-01
7.792612683027773102e-01
3.582327541725883746e-01
-4.527264808466102686e-01
-3.328179086948384047e-01
-1.636100124850025095e-01
-8.276961898581427501e-01
5.317034398131263995e-01
-5.418592944676224876e-01
4.320991963740278829e-01
-6.742838193065789909e-01
7.808103760683414718e-01
7.840279748785126124e-01
-1.681320369393350944e-01
-2.398416784180332773e-01
7.809320607238731116e-01
6.457621858533691972e-01
-4.680063106411487817e-01
4.880017781899937401e-01
2.801092736576005771e-01
-2.802740374561022429e-01
2.251528731520979487e-01
4.251782870804213799e-01
-5.695508675651665964e-01
-2.466103115521743605e-02
6.455043845395712632e-01
3.923848337673705444e-01
2.583433835215483976e-01
-4.402885517047963604e-01
-9.931862226406458216e-01
-4.895976893810737307e-01
5.017137608358562817e-01
-6.002452554799468931e-01
8.707321769149563018e-01
-4.269877786357679228e-01
-4.326450625599125299e-01
-5.588346514663465880e-01
8.131200187517897415e-01
-8.682192034099717182e-02
2.721050947359137662e-01
1.183983329898230241e-01
7.390652327289689572e-01
3.823532150360322013e-01
-8.695694135967636518e-01
-8.160054682654569458e-01
6.827968674158555462e-01
-6.910842939869767942e-01
3.479145424454824220e-01
7.526207698004350188e-01
4.913200720860008142e-01
1.688270800012771355e-01
-5.179478261355165980e-01
3.174372810992607263e-01
1.876810398699756688e-01
2.749079685600254175e-01
1.131059082016002415e-01
-7.586965715762952200e-01
9.357445153806953630e-01
-2.959756197265681621e-01
7.337870729934430347e-01
-2.728736081228433363e-01
5.757700850080674781e-01
-2.932283342165036277e-01
-2.643021398947675848e-02
-5.684554833172720256e-01
3.734612445299676509e-01
-9.657042874095972396e-01
-1.745522400240281657e-01
5.283377691861168568e-01
-5.774795836769661822e-02
5.612653436811598784e-01
-6.386941117242195265e-01
-4.384283267589671462e-01
-1.074277668972536681e-01
-2.157002141215572655e-01
7.773413986856225755e-01
6.094128858610028399e-01
9.413108127442650908e-01
-3.066382809345034877e-02
4.514161978352195792e-01
-6.480958656808734064e-01
9.786537936494899004e-01
-3.106792894430815410e-01
2.678401581409078913e-01
5.348446579005733392e-01
-3.652325765473223851e-01
7.116086693071990155e-01
-8.540811830698991081e-03
1.022417473571528013e-01
-2.975062371582879450e-01
1.554189556569505748e-01
1.000000000000000000e+00
-6.383577999567912054e-01
7.420124754392853905e-01
4.744649727406080597e-01
-6.242834181247922665e-01
4.703066901353653018e-01
-5.995654370662978350e-01
1.400949358270375533e-01
4.821380742561323651e-02
3.617159204124971161e-01
-6.917336859788976167e-01
2.643059612289221927e-01
9.500144923520112972e-01
-2.201126443708064651e-01
-4.017396760626709140e-01
8.079626141688638075e-02
8.335024670544152192e-01
-1.000000000000000000e+00
8.641607775372952549e-01
8.668698463430513090e-01
-4.008660796918621649e-01
7.126360658443452456e-01
3.980032100053382260e-02
-2.697364360968607100e-01
-2.067682651147928485e-03
-2.031077153100647181e-01
-4.171126839107568429e-01
-5.716531666978013071e-01
-5.675158323021679552e-01
-5.571170142578250051e-01
8.208940728969225109e-01
-5.538550458172377677e-01
-7.973517617124510348e-01
1.395393293424523895e-01
2.217091506198491935e-01
-6.002761866438494076e-02
7.806295253972306281e-01
-4.125301838658825826e-01
-1.548197939630023279e-01
-9.044750282742719527e-01
6.283953666037228603e-01
3.129212499370772060e-01
-7.801564224638278533e-02
7.260034409135440736e-01
-3.269151817929236703e-01
4.350566125232879777e-01
-8.085790679971562867e-01
7.674202408373493878e-01
-9.126785144441093567e-02
1.000000000000000000e+00
-1.953317690076422641e-03
9.166312302731599582e-02
3.439596109385676392e-01
-3.680410328362874739e-01
-6.891921406298144870e-01
9.276484430941228654e-01
-2.890019532496195809e-01
-8.250821264662604460e-01
-1.000000000000000000e+00
5.825308571669618463e-02
-5.621576920013218182e-01
3.882633623548550905e-01
5.292511574795172313e-01
-4.619287558907970159e-01
-3.387862651148432214e-01
2.101296276624267656e-01
-7.964108924427955039e-01
-3.411653114598525161e-01
4.371551438534175271e-01
5.870008768571088886e-01
-1.021633718005688918e-01
1.909508442144970675e-01
-5.121867729586023765e-01
-8.252884519879448710e-01
-8.314353838334272995e-01
-2.801666586215141308e-01
-1.207258947282212752e-01
8.173173555712578420e-01
3.790018564146129254e-01
5.621525872178572136e-01
-1.484126886659231370e-01
8.838475500780699212e-01
-4.125516141431244121e-01
8.508526759534724704e-01
-6.728248397793526459e-03
2.469404234905176188e-01
1.500914393934230928e-01
6.659256416211584151e-01
-5.890663836180900503e-01
5.622109450894927640e-01
3.647331422412450896e-01
1.870037637078355575e-01
9.635121970655466939e-01
1.050814956074788142e-01
-2.618010371595735908e-01
9.307361983263497951e-01
1.000000000000000000e+00
-2.015505690879593470e-01
4.967694867685357174e-01
-7.694385384136495087e-01
-4.614825622944410122e-01
2.809296115865524968e-01
6.417807766908821820e-01
