9.914984262807139404e-01
-1.016526379865900775e-01
-1.837486747094749795e-01
-1.065623488550394293e-01
4.335612571809256410e-01
-9.150571638744100511e-01
-3.666987664355013110e-01
2.048147423475270568e-01
-1.000000000000000000e+00
9.480201398448637740e-01
-5.479549193353188130e-01
-1.891262104487256845e-01
4.536663853833264870e-01
3.110985281453126916e-01
-9.109769824242266445e-01
-9.268746343905041041e-01
1.764691756062244377e-01
8.966447820099427979e-01
-4.462219544280681127e-01
4.822847058267634157e-01
4.543220292571632513e-01
-1.258732009925971895e-01
-5.683698093113176419e-01
6.408627181339876522e-01
-6.164547315501070490e-02
1.686420004974424625e-01
-4.001624825900337856e-01
-1.045204597542975788e-02
6.660757366504919119e-01
-9.720225887938387377e-01
-9.290128749274950692e-01
-5.010457138860173743e-01
-4.458480954238686067e-01
-9.217341498462039429e-01
-7.439541988027253971e-01
7.668636347037394163e-01
4.980098194742271778e-02
2.777173390244873641e-01
3.755518426991517056e-01
-4.190587556849111883e-01
5.523864523364885315e-02
2.011963425294605035e-01
7.422792150775809894e-01
-3.745190835401405738e-01
3.956999799648373561e-01
8.951139117421023084e-01
4.345733107298264120e-01
-1.687541103436707712e-01
-2.377686784151091803e-01
3.993607536758534415e-01
-4.898688897411281884e-01
-5.702100111668820248e-02
-7.154342201585144334e-01
3.512889094621164388e-01
-6.913434642796294494e-01
7.351960176407779102e-01
8.558719757797502714e-01
-2.813477397533805657e-01
3.913167970771010973e-01
-9.588858708655505492e-01
-4.286927429424672864e-01
-1.000000000000000000e+00
7.673593648345196083e-01
-9.076263686241058393e-01
4.094217429109397455e-01
-4.728200026513864618e-01
1.528108921264627051e-01
8.934585954297219468e-03
-6.545064179825135220e-01
-5.178131841158989390e-01
7.239989361651282262e-01
7.516795933794399032e-01
1.544765975173399697e-01
-8.368057210157562320e-01
-7.476324713765168939e-01
7.650446249348802352e-01
8.955488699342057934e-01
1.000000000000000000e+00
-9.149140301920450913e-01
9.674944929506118507e-01
7.674727976775181926e-01
-1.000000000000000000e+00
-7.195359854063068106e-01
4.110433919417211257e-01
-4.694387460120393873e-01
8.867708013426774949e-01
-6.328218963409156794e-01
-9.924437360868827440e-01
2.568346271625476795e-02
-5.415648978023250570e-02
4.895161723765391049e-01
-1.384773036810591496e-01
6.909351105252571346e-01
-1.306036306602000319e-01
-3.099017269416611264e-01
-5.269048629553907404e-01
-7.391408766377938200e-01
-8.621487273189889500e-01
6.655385111869458470e-01
8.123103199406076502e-01
-1.082613343842587228e-01
-1.488800598436381684e-01
7.350963422081381315e-01
7.218157089792194281e-01
-1.799392026305393077e-01
-1.000000000000000000e+00
-9.608939084242981155e-01
-4.376251363481349355e-01
-6.343416143323084011e-01
3.300426825426277522e-01
-7.733290947896303003e-01
-8.142988302772458109e-01
-7.728473535193048916e-01
-5.465559607582894941e-01
6.025001142524361031e-02
-6.579911503925893468e-02
-9.675949543988804358e-01
6.254930587019277288e-01
-3.347106692116679216e-01
8.281346096970167991e-01
6.897356637337275220e-01
3.875962510301154962e-02
7.438321374298673128e-01
-6.780628314093872788e-01
4.781201226721845110e-01
1.685771924403148825e-01
3.692253992408819352e-01
-3.934606585706232895e-01
9.162427769635144159e-01
5.879626334316669922e-01
-4.605775963260792527e-01
-8.987927384095952821e-01
-7.130298200488942584e-01
-7.245569075845985640e-01
-3.274584932730686959e-02
4.729295122702187326e-01
5.488838222667515865e-01
-7.604269756399244518e-01
1.000000000000000000e+00
-4.163110146264636935e-01
3.041879571989622999e-01
-1.082699706485291957e-01
-4.102138042569629661e-01
4.808323497094027510e-01
-8.385800402970611245e-01
7.286250404317711205e-01
-1.908276219949918973e-01
-4.861948852908950514e-01
6.417847422830275095e-01
6.801991515765305751e-02
3.742648200153608773e-01
3.967086424785926102e-01
-1.348624338288227920e-01
3.660906425112607776e-01
3.262800678871024540e-01
2.445010004498948675e-02
6.878557939071121563e-01
-5.050199398389414451e-01
1.357370203214673943e-01
-2.778425258814923859e-01
-8.528072722031514452e-01
3.970862121157624491e-01
-3.832844307863503830e-01
2.877873597212956547e-01
1.054540851129853185e-01
-4.237109173405160245e-01
-1.935739998303702691e-01
-7.353648352012192024e-01
-1.955733112011196206e-01
-4.936573239523061596e-01
-6.833286073649016412e-01
-1.000000000000000000e+00
1.276384272132902176e-01
2.208803825214066263e-01
1.263622073625552678e-01
3.168112658105306512e-01
9.060515039660067549e-01
4.371770170193332028e-01
7.074192783454019695e-01
6.450424127826008824e-01
-2.381384342743258498e-01
3.279462528390717502e-01
4.314122604120800009e-02
-3.385548102414378535e-01
-8.044761812395391232e-01
-5.099802044785726185e-01
-2.575127208811708868e-01
3.826782540377985375e-01
4.463564931716353379e-01
-5.380453791034127686e-01
9.085701102275861585e-01
3.134931154058331337e-01
-9.487741137298054683e-01
-8.842677084832071266e-01
9.934629712299196669e-01
1.000000000000000000e+00
4.788017116183018729e-01
-3.026294175943110565e-01
4.770472307834898729e-01
4.839790860865424982e-01
-9.397850635581095347e-02
9.087435132001060734e-02
-9.879618176676661090e-01
-1.708169740443767348e-01
8.833358080457962558e-01
-1.091946466596396825e-01
-2.327068356031869456e-02
-5.695887886567854164e-01
2.030475124970934075e-01
9.000536234128109214e-01
6.350503206073578877e-01
-6.865839351202662755e-02
4.485945309005023862e-01
8.777320783979825070e-01
3.728195891391470340e-01
-6.176681250252298305e-01
-5.981841498210793695e-02
-4.922121130904437702e-01
-3.511517216957380505e-01
-1.036640259835669431e-01
-4.411933947889692398e-01
9.719339661162389454e-01
-4.255387553921219368e-01
7.686029770618879597e-01
1.000000000000000000e+00
-2.228837743724324527e-01
6.392092017660012671e-01
-1.334026695943179575e-01
-5.733667332020582208e-01
9.814319215738571689e-01
1.413671243731094984e-01
-3.164438741294225421e-01
3.096252111887957126e-01
3.571133408647015894e-01
-5.402029568493253997e-01
-3.521808363910348127e-01
3.421086099363482291e-01
2.848967598997969031e-01
4.702994022990671097e-02
5.264326306356106322e-01
7.248211101687544733e-03
-1.926215490455951418e-02
-1.342586251818771448e-01
-4.844604376986577643e-01
9.293723922989899355e-01
-4.615029338601551734e-01
-1.059181226583161273e-03
3.056906872352898041e-01
5.521621289639643271e-01
8.842498907409929165e-01
3.988595237942391680e-01
6.010961956328658706e-01
2.449159235230157772e-01
5.069396740250772249e-01
-8.356067220223453162e-01
-9.793356578656036149e-01
-6.713812659228477475e-01
8.789414075703317897e-01
-1.748496579381463301e-01
6.706652531460294275e-01
7.271904958582259271e-01
4.561489511251496931e-01
6.559146734321977812e-01
7.580090319746668470e-02
8.196992067792748804e-01
