1.689428072841603345e-01
3.762411704004018365e-01
7.335707582075263744e-01
3.854724088082651101e-01
-7.433934962697478221e-01
-9.151592157163332963e-01
-3.189795092452347158e-01
9.354761293782295484e-01
6.351397435657245572e-01
3.556023736807885083e-01
-2.233511674829735394e-01
-3.524634345179646910e-01
8.918194576264140139e-01
1.330694168679412773e-02
2.406902912223134738e-01
8.926305735585418066e-01
3.201513049480221862e-01
-4.322640985997810992e-01
7.699656072482383706e-01
-9.334728999171661989e-01
2.328997334035305122e-01
-8.633232386632271327e-01
6.785220281139308085e-01
1.338313280194025068e-01
5.938744689187755998e-01
-9.198396907334907002e-01
8.208054924244774231e-01
-1.522288607467752186e-01
-4.636788687209424387e-01
8.178853909170713532e-01
-4.503638395724445243e-01
9.957136957085577222e-02
-6.247469751225274148e-01
-5.409462685048710417e-01
-9.284785784759042038e-01
8.532191689357609965e-01
-6.279919241002459573e-01
-8.579775844366754889e-01
8.915384194730351375e-01
7.544494416736180487e-01
7.241852907382100302e-01
6.009242601354195523e-01
3.560070569333199098e-01
5.971815830197666486e-01
6.466822934876739204e-01
6.930645359154412599e-01
2.193905439021963666e-01
-1.500786525037327568e-01
-6.962879482449975121e-01
-8.609727632411450227e-01
-6.027096065013152204e-01
-5.568176297474061176e-01
6.946824884870812511e-01
-6.993762993339156520e-01
-1.432714558672294469e-01
9.005111410491504209e-01
-5.033565004761358930e-01
5.138115378603397287e-01
-4.673691752561062174e-01
-5.687190133237002287e-01
-5.546311046349312879e-02
-3.764744298534659639e-01
-3.486096746547104885e-01
7.678963322661491731e-02
-4.904814408583745844e-01
2.393881541905115706e-02
-5.668410412215632022e-01
-5.997598232277908670e-01
8.384135104260963534e-01
-9.058537131114519081e-01
7.328437535013994086e-01
3.755905380387827841e-01
-7.478054026462698234e-01
6.712757652226981619e-01
-5.382072340840685643e-01
-1.842256698438801410e-01
7.770594064983524785e-01
3.812407855567668813e-01
4.817944932335809782e-01
-2.446469000433302288e-01
9.163747565961448682e-01
-3.500565150895464384e-01
2.007257243701436045e-01
8.267607019934166690e-01
9.434424968691563773e-01
-1.377684678224867787e-01
8.630346409770783822e-02
7.120280579858917491e-02
-5.025922061400260876e-01
4.901224475294758687e-01
-9.995781818770290705e-01
-8.314908783310048790e-01
1.731486334998502130e-01
4.768423137274757084e-01
-6.519385347897459493e-01
-6.938854300984964585e-01
-7.605939779025013836e-01
-1.337315787850222315e-01
-1.096387609998801110e-01
-4.598363132646571261e-01
3.881851791870384316e-01
4.062376274358221462e-01
-5.032082208871628826e-01
8.412415398712130843e-01
2.003350782213844661e-02
-3.350776081873549916e-01
1.311586832162567051e-01
1.000000000000000000e+00
4.522011746839971758e-01
9.492490413827949780e-01
6.001360200898697705e-01
4.603317699541120689e-02
-1.000000000000000000e+00
-4.354999195902033438e-01
5.895407286466276542e-01
2.090037717423448016e-01
-8.825025683350551375e-01
6.375247488687153519e-01
5.638854838357587607e-01
9.394603940679140397e-01
9.789629158116652796e-01
4.460744422059775283e-01
-2.984519868838204082e-01
-9.645182741581794783e-01
-9.956714083358533252e-01
5.257184314062333941e-02
9.900172155081659042e-01
-1.000000000000000000e+00
4.758184763023241004e-01
-2.434407728079206468e-01
4.363291293967120899e-01
-9.567637083412956489e-01
1.000000000000000000e+00
-1.376337547887664936e-01
-3.141513290541986803e-01
4.982973218487586342e-01
-7.167241170177862664e-01
6.855695633368661390e-01
8.622449406963905716e-01
2.720029886396767571e-01
7.062742746811826455e-01
-5.944357742623589402e-01
1.000000000000000000e+00
2.745698303632800319e-01
-1.104027520932741868e-01
-2.471941741066909781e-01
-7.255956867919786113e-01
-8.566073571334682502e-01
-1.000000000000000000e+00
-1.247019744201960378e-01
-3.926504566580518163e-01
5.729216496318224883e-03
-3.592326721130150169e-01
2.850630493842450930e-01
6.281540114155532983e-02
-7.496041357856001452e-01
-5.958830180135756827e-01
8.329987197103134733e-01
1.289767468430764452e-01
3.034782021639049684e-02
-6.934762507264249920e-02
1.000000000000000000e+00
-6.841030352511400237e-01
-1.000000000000000000e+00
-4.700571520308056694e-01
9.648677504731894006e-01
-7.648294074091537276e-01
1.574633854958503165e-01
9.744020140026394827e-01
-7.985990430829661424e-01
7.528007400061751397e-01
-1.846597277975622897e-01
-2.189399979520289530e-01
-6.312013670488525463e-02
-4.050220374151226599e-01
-2.088351697517205618e-01
7.717727093252854664e-02
-9.071108029065314549e-01
1.505015364660624855e-01
-1.124636404271822099e-01
1.000000000000000000e+00
-1.000000000000000000e+00
-3.227619379084400997e-01
-3.120251825495450326e-01
6.704963528668741457e-01
-8.425137954705768095e-01
6.277977394920919441e-01
4.112242585796828387e-02
3.033844429404605192e-01
-5.476613791888669258e-01
-8.729917430650440124e-01
-5.891361676159567740e-01
-9.851729270270703775e-01
-1.352452270562276571e-01
5.233160562560772444e-01
8.227244132248421327e-01
-8.252151795215809660e-01
4.757142618710366033e-01
2.825338819238130128e-01
-8.868577104912169773e-01
-3.198856647889714022e-01
4.920607398242212160e-01
9.336426662581828739e-02
6.877834343215102342e-01
-2.794234124239864947e-01
-3.194529832580523254e-01
-3.730080401665338274e-01
-4.280975995576288273e-01
-1.763928274663869866e-01
-9.011228656641464552e-01
-7.681123721470582977e-01
-6.478261718366926658e-01
-1.793280274946176533e-01
7.013048784345489173e-01
-6.079098960710698218e-01
-2.693121143369130444e-01
2.824477507194515097e-02
2.740134915218195993e-02
-5.832512149057824669e-01
1.000000000000000000e+00
8.848327876270731807e-01
8.090750788804675075e-02
-3.434766522480977025e-01
2.104234744709057858e-01
-9.155692687196796964e-01
7.936394850170398474e-01
2.603471138418678166e-01
-4.858551045152773029e-01
4.519425312691582874e-02
-9.033481202318841552e-01
9.285405273266486570e-02
6.281520080232381176e-01
2.694804424677637034e-01
-2.040716128209595359e-01
4.765623219396835641e-01
-6.750105866954374534e-01
4.518364906641178513e-01
9.178857835698659429e-01
8.654962769802266864e-01
2.602825342379786466e-01
4.218894530899200412e-01
-4.228488250292227191e-01
6.695226580765506474e-02
6.536072102524901339e-01
4.091146825543625631e-01
-6.368533196095549354e-01
-6.991997140296843938e-01
-9.899177211734380144e-01
-3.892871821946684574e-01
5.914758283795590321e-01
3.312068224157319052e-01
-4.830394124268395095e-01
7.382067059902484019e-01
4.013101781570960203e-01
-1.731394704666214257e-01
4.489976839468882153e-01
3.689726074916602760e-01
-4.064230872270978567e-01
8.460320565235193158e-01
-4.297507639502743948e-01
-7.912167200916173648e-01
8.719688511746378490e-01
-2.799315413246029061e-01
-1.968635418933985248e-01
3.094576664441743286e-01
