8.196394614601543172e-01
-5.184387139516355436e-01
9.252394091573123980e-01
-2.542146737701060921e-01
8.643858028973182561e-01
-4.393100276996861897e-01
6.329417261941971962e-01
5.797139825947164593e-02
3.579962240356961978e-01
-6.414154681912096478e-01
2.961474722859536168e-01
-1.000000000000000000e+00
-7.932536231672597804e-01
5.458587183786722807e-03
3.636738123607266004e-01
8.124874107126910383e-01
1.000000000000000000e+00
7.363343891127358543e-01
-4.218554787354684699e-01
1.656456004298656470e-01
-9.804623018071453866e-02
3.838562956693800654e-01
-6.601779926010035160e-01
-1.159776250489075178e-01
9.174842490267864914e-01
-7.642272063724125930e-01
-6.793359674689858352e-02
-5.795723620581475499e-01
2.328207412655853847e-01
-1.915762098701335459e-01
2.432488976609267217e-01
-6.048676350800281654e-01
-8.984294445863167944e-01
-5.380476447205047030e-01
2.907561271255061364e-01
2.702516422716316757e-01
2.705602262015308068e-01
9.906945070928376840e-01
1.000000000000000000e+00
-1.068171616282842518e-02
1.000000000000000000e+00
6.048888799471088262e-01
-2.717642321750874390e-01
8.240146655740421267e-01
5.665277731543356260e-02
-2.399540107832479896e-01
1.681329671752857524e-01
5.711844189960226803e-01
-2.202478034085033065e-01
-8.287473097391884203e-02
-9.007424802511864170e-01
4.560669346552509440e-01
-6.086274840288511401e-01
-5.790238089378509923e-01
-8.664557736707807489e-01
-8.614635600920370617e-01
-7.581394036709543371e-01
-8.349102002897510477e-01
1.000000000000000000e+00
8.634310891980350178e-01
9.241202012591388515e-01
-1.993795697958258006e-01
-8.659394821373191942e-01
6.765299974909612379e-02
-4.942144157787957681e-01
-7.865754709955541379e-01
-7.549692743257865324e-01
-8.325849538456528420e-02
-7.922365840497170852e-01
-6.385992107853186717e-01
-5.811846618811360443e-01
9.469109075159172217e-01
-1.068917979185675382e-01
-5.640949460040429742e-01
5.913977077210352817e-01
6.120464190988178510e-02
3.476221910803825588e-01
2.326074396883635598e-01
9.419070116860355224e-01
-8.297675244084650181e-01
-2.028803049266714176e-01
1.352861105496825922e-01
-3.678787242051220208e-01
-1.214242965703029586e-01
-6.724270963971059611e-01
7.883289755019965428e-01
-1.929464440735161324e-01
1.000000000000000000e+00
7.672309285116443167e-01
-1.000000000000000000e+00
9.124652825703758463e-01
-4.259576328806608525e-01
-5.887636418360371326e-01
2.239125376669205691e-01
2.673052123240545752e-01
8.314093976381433659e-01
1.000000000000000000e+00
1.000000000000000000e+00
3.919808194041999316e-01
-1.822303261496420468e-02
-2.875604870653720724e-01
5.361289825202515402e-01
3.144829023603612494e-01
-1.583217749026006871e-01
1.000000000000000000e+00
-3.164024788710102509e-01
-3.573250967040058068e-01
-9.043623570359221597e-02
-4.824280991550067288e-01
6.554405170608881281e-01
4.006698367416180462e-01
2.800002249801968324e-01
8.569013611574350930e-01
-2.281239204591967162e-01
3.104421311300994413e-01
9.021591112174845994e-01
7.056009027165366376e-02
5.046984674666861181e-01
3.285908708118884247e-01
-1.000000000000000000e+00
-4.837834884198856100e-01
-2.959573626425907600e-01
6.076568865993192681e-02
-8.293268530046331577e-01
-1.000000000000000000e+00
-7.033072956577895996e-01
-4.178315951876834244e-01
6.824499781506709883e-01
1.592384847665995196e-03
8.478946381252101538e-01
-4.622340604244935536e-01
9.413188718460935300e-01
-8.117516704634597513e-01
7.812881595839467064e-01
2.976486207354184232e-01
-3.664908079964462329e-01
3.058992406121746610e-01
-8.618085149316445648e-01
-1.364189443589826078e-01
-6.736625079345679445e-01
6.241708771305287673e-01
5.036934254772882369e-01
7.744721412931160343e-01
4.765282303086575411e-01
1.307254240951602753e-01
9.291527911410391027e-02
-1.655832064611362231e-01
3.993527686610809924e-01
-6.617117516710548930e-01
5.726325048385882965e-03
-3.496069826117144119e-01
-8.846419527064273147e-01
5.814392746065081274e-01
7.717065576584937192e-01
-1.192300466190694963e-01
8.312223986808244813e-01
-3.327541982366726270e-01
-9.927822544461274434e-01
-7.453744263576206341e-01
-2.773309185022357903e-01
6.386701983972422614e-01
-5.410319530787857101e-01
-1.507719757389947013e-02
-5.189170745020244002e-01
7.571258019925362071e-01
3.373211679503750338e-01
1.642743225822302505e-02
1.092690135396554574e-01
9.587276352695867088e-01
-6.301367378203293068e-01
-8.679674699891039014e-01
6.970716305353896747e-01
3.562525692348149642e-01
6.441075561672512384e-01
8.843721304137451833e-01
4.537298604979115857e-01
8.029647913483604071e-01
-2.867260129553397263e-01
-1.234847111513791562e-01
-6.666805779434638035e-01
-3.616884353938915608e-01
9.144156401005859580e-01
4.150600255754510193e-01
4.962261217027115201e-01
4.913834179945528180e-01
-3.383005279114243424e-01
7.620173068135674965e-01
-8.856271667247290758e-01
8.589239734351610256e-01
-1.476424033493262122e-02
-1.727947786741546587e-01
-6.686014118012739704e-01
8.538742451727570071e-01
-4.485760872186133064e-01
-2.505604506535252796e-03
9.804601903175279576e-01
5.364950589524305480e-01
6.448036521976454605e-01
7.470490394941123324e-02
7.493735899612515849e-01
6.351734987728099302e-01
6.890813276350025163e-01
-9.746985530412126675e-01
1.780665012860047081e-01
5.100857475518092432e-01
2.452702143774645183e-01
-2.959330804391029357e-01
-1.674431064491055388e-02
-3.728584704156715501e-01
1.997417362286126874e-01
-1.148167535487584212e-01
9.815623856001484127e-01
-4.074553621639772083e-01
3.382068264486173259e-01
6.765870708524993615e-01
-1.114051378917736701e-02
7.965882496568916782e-01
5.241927305509648249e-01
-1.035010841094329004e-01
-6.914224500610588464e-01
7.106122430649067234e-02
6.532556543623608825e-01
5.097391128359508583e-01
-4.017492826755564295e-01
8.344594556299893551e-01
-9.747537329231883430e-01
1.241895551559766969e-01
-4.449945828885858989e-01
6.339515451987720596e-01
5.140268615916539913e-03
-3.763289671265942493e-01
-1.254086008273035402e-01
1.845714796102446986e-01
-2.777891838417227977e-01
2.919178019932772705e-01
-5.915549595761117052e-01
8.603916095020354149e-01
-5.702505652214624465e-01
3.914886391697643409e-01
6.065256281974691355e-01
7.758166525368654920e-01
-6.457807362297809384e-01
4.758447201839263729e-01
6.726645371001814810e-01
4.511532232448950408e-01
6.630196307165137082e-01
8.985126421860275547e-01
-4.111260440229726476e-01
1.503795325971675478e-01
4.249627322188808676e-01
5.828993403792032124e-03
4.995640835705690841e-01
2.862686339266820590e-02
-8.737968683405115122e-01
-4.859554765563228740e-02
1.549580308681381691e-01
-3.686680731863835603e-01
-7.296619650174707150e-01
6.391712276876320153e-01
-4.179258723024215083e-03
-3.561749154768379944e-01
-3.748424101792730556e-01
-9.906198903118279553e-01
-7.476425856259600877e-01
-2.518225081121927555e-01
