9.087761283904617349e-01
-3.502844507164878385e-01
9.692048285879939495e-01
-1.461037772620044639e-01
-5.492464109341175238e-01
5.989556289623101382e-01
1.832493739845379981e-03
-9.796789046974074822e-01
8.887811105762807307e-01
5.748623504331066281e-01
1.431428821824784758e-01
-8.534649948673564968e-01
9.852572984501242193e-01
-7.668815641126154325e-01
-8.843373829382782103e-02
-8.546326705519832201e-01
-8.770620782375697644e-01
3.191915376884794930e-02
2.708171957484404313e-01
-3.838534587988519375e-02
7.457202631282995320e-01
9.762336363694550379e-01
-4.197179054660369890e-01
3.939405803717980770e-01
8.213309621834257168e-01
-1.447958571548707551e-01
7.282952085555309818e-01
-4.473488167465125565e-01
-6.353512087742869685e-01
-3.462841746120123854e-01
2.152786793642089136e-01
-6.913498601177934244e-01
-1.193144210355701756e-01
-6.428323398093656049e-01
-4.843196067964492535e-01
7.308853680685416521e-01
1.533205944574698165e-01
1.000000000000000000e+00
-9.396736870603001890e-01
-5.582533953131560978e-01
-9.252403611016469798e-01
7.040406567170359731e-01
2.769664000881706389e-01
-4.564339105769257277e-01
7.207607733134631101e-01
8.453642642015879449e-01
7.672302455456583292e-01
-8.286453711026074975e-01
3.507661558217076148e-01
-4.569145037093021444e-01
9.527041028969351899e-02
7.762916880127206376e-01
-4.243385620442745587e-01
-9.050592668638788307e-01
4.335124111063206054e-01
4.285102581998645466e-02
-9.928081988953005865e-01
-8.473856263549277568e-01
3.683704522489700262e-02
-3.981956144261300512e-01
-4.319750705021251913e-01
3.590830375791799201e-01
-8.193214390948662107e-01
6.924940127934322565e-01
7.984237120376449504e-01
-7.572645342307704475e-02
9.408728918425244281e-01
-6.653708879881865546e-01
3.897349162004928314e-01
3.371917596997519584e-01
-1.984584618027330771e-01
-1.000000000000000000e+00
-7.815199051393697527e-01
-5.946556751013130082e-01
8.423113216618084431e-01
-1.024670527225308714e-01
-7.174956588871689300e-01
8.723243805631427650e-01
9.112889372050344550e-01
1.890146419890559315e-01
6.866751237669648233e-01
8.147318310804370078e-01
5.904699951199194885e-01
-5.980831675969866534e-01
-6.070297568196991733e-01
-2.934083844237951877e-01
-6.624972180421386803e-01
1.236107800799008394e-01
-8.551307232865607011e-01
4.452083033015862279e-01
2.453177529812911040e-02
-1.454075625371935021e-01
1.000000000000000000e+00
9.895777890708787883e-01
6.451463038536886518e-01
-1.723522679708150984e-01
7.050321647729981267e-01
5.156488810258684774e-01
7.970738622907088677e-01
7.818376115745024890e-01
-2.641768874179721838e-01
9.599747314314149849e-01
-7.864594369433202115e-01
-1.687095552824002809e-02
4.621604542839430341e-01
6.457494575906865819e-01
6.100803900333355845e-01
-5.140110174223231354e-01
-1.196736519869926602e-01
-8.938611865068984974e-01
6.750791635469188812e-01
4.793414085805944858e-01
-9.381650474770661940e-01
7.359665657136156280e-01
-2.024512406259363628e-01
-5.562198371123621143e-01
5.029034952032040984e-02
-5.389022990542666758e-01
-3.508838457342806638e-01
-3.869672322358729821e-01
-7.153921110200195388e-01
9.606858019572106500e-01
-9.706756979164079535e-01
-2.536019260584473911e-01
1.250743779429803471e-01
1.049515377615253264e-01
2.227044286519123673e-01
4.759302634568207679e-01
-9.909249508960576991e-03
5.887049043398177028e-01
-4.619767081677563780e-01
4.579839110483845399e-01
7.879856080900822235e-01
-1.230827993083818406e-01
6.125303537470876414e-01
-1.604164665362150799e-01
-8.939378669742559236e-01
-9.322011101070751815e-01
-2.335932901506176940e-02
1.000000000000000000e+00
-1.200615641689339042e-01
-8.468493961793516212e-01
-2.393824064529415097e-01
-7.409555849463871358e-01
-5.290236448423401017e-01
2.778655318501581650e-01
3.231473147531663259e-01
2.890081646089644463e-01
-7.153833882578869430e-01
-6.767427659527980310e-02
-9.130561453247796333e-01
-7.103422372804102380e-01
-9.070017822415111786e-01
-8.739498855529808097e-01
5.182715917943705453e-01
6.943420382505059996e-01
-5.994987796504607225e-01
2.258937397022342253e-01
-7.318162050836449772e-01
9.442863212337417878e-01
6.618483116993482129e-01
5.638281140136399694e-01
-2.244671762580418839e-01
9.612476489474197638e-01
1.606355654905661789e-01
-6.701736716516857317e-01
6.864753477964599115e-01
-7.928226022559733410e-01
9.541555735329879107e-02
-8.113618131817598167e-01
-6.023981489030405534e-01
5.354175255781927767e-01
-7.001534624254530659e-01
-8.860552097451757092e-02
9.924675766036569202e-01
1.421688452044431727e-01
4.324247491486590267e-01
-1.563437207435901255e-02
7.356497880508765519e-01
-2.830088208218901613e-01
5.519521541196616976e-01
-9.317825153386212200e-01
7.424569344195617315e-01
8.517943621424916012e-01
-7.841878558777759523e-01
4.477812384400945422e-01
1.555184240729142464e-01
9.676171080293836102e-01
8.285091159591740917e-01
9.817134708798319620e-01
-7.950944970156645919e-01
-4.568421587543700646e-01
-9.431115302683634738e-01
-9.182135911374129655e-01
-9.774764130832709341e-01
6.208707977899472485e-01
7.886864599267648934e-01
-1.000000000000000000e+00
9.224137716214367844e-01
4.646165926392171741e-01
8.301085858583298061e-01
-8.327002196246906240e-02
-4.192897765749434291e-01
9.192760837830784570e-01
-8.997214113923424073e-01
2.669572899775429220e-01
4.793209086931999874e-01
9.010699180612220527e-01
7.010271017521023662e-01
-1.646765119919881282e-01
-4.882510998300557126e-01
-3.563426634535782345e-01
-4.424743263580764308e-01
-6.567146048325850360e-01
4.463798737194992206e-01
9.086529719145406414e-01
5.144978338036801935e-01
-3.800813921603788947e-01
7.438609754730518553e-01
-5.752617686240486805e-02
-8.015058964755104043e-01
-2.464602851790785865e-01
-4.864937270580217687e-03
-8.372123236202653196e-01
-9.688118850241783653e-01
1.116430224150077866e-01
-1.424435733445761632e-01
-8.184676865599480600e-01
1.841510720556607250e-01
3.031175522650015330e-01
2.784100114930145309e-01
5.703199471727073977e-01
7.235939348785566105e-01
5.003725217270882375e-01
-9.074278598882344893e-01
-8.484783759761174160e-01
1.525087159009835547e-01
-6.197762764130360091e-01
5.567101011737404237e-01
5.328251709891704824e-01
-2.825618628186630232e-01
2.583533999005422910e-01
5.731177372944484816e-02
6.929194736428694323e-01
6.294929173527155086e-01
-4.648577797531505684e-01
-1.095111005902162926e-01
9.326389523745354238e-01
5.546382742939960364e-01
-1.000000000000000000e+00
-7.502869761097866741e-01
-5.868801323858887642e-01
-8.289548693199605411e-01
3.402402463412611544e-01
6.756922680111041579e-01
4.918741923096039415e-01
-1.602546022055349739e-01
8.619705716640341242e-01
-5.766416905437182772e-01
6.787105380203507510e-01
4.012046597118026914e-01
-1.722620015536605043e-01
4.980078163357726795e-01
5.290664024952853595e-01
4.030726198770201441e-01
