3.525457281505492979e-01
7.965967143288547048e-01
8.814974732376128497e-01
-7.371331623450494419e-01
4.472931708870735434e-01
1.579929191930373178e-01
-8.462936748685139232e-01
8.215681657565128138e-01
1.131021158647427943e-01
-4.611267600271162087e-02
-4.879278947605698580e-01
4.739923037294894309e-02
-4.618897377152303418e-01
5.507198246834629218e-01
2.098363616436611512e-01
4.123123135383039428e-01
8.224893749498039808e-02
-7.668779239211314103e-01
-8.653100660104333652e-01
2.008957198093831442e-01
8.355110165217518592e-01
3.002895651114705772e-02
-8.056101394024401952e-01
-7.150886032043028973e-01
5.467453893989983049e-01
8.324259887455633944e-01
-3.199761721809127324e-01
9.658023942278406437e-01
4.340925217018505311e-01
8.334839794257260515e-01
-1.000000000000000000e+00
4.739485744246901139e-02
-5.079897028079290999e-01
9.314861874989444068e-01
8.984993431381958773e-02
1.000000000000000000e+00
-6.154006356578394232e-01
6.956958007659796994e-01
8.509915009686818133e-01
5.932269419214590833e-01
-3.537014559080446929e-01
6.470581212462087617e-01
9.550861198212492464e-01
-8.820093147860087468e-01
-1.757976259616243209e-01
8.407032934606164520e-01
-9.116804555233721796e-01
-4.716079914755498259e-01
8.385965696500116140e-01
-4.154112801044305137e-01
9.816320456686910001e-01
8.440595303179359021e-01
-6.985333053736189068e-01
-3.597445104745788935e-01
-5.774570763473194646e-01
9.050555374599401626e-01
5.309736841843799571e-01
-9.879350999254672416e-01
3.291857136064231248e-01
-4.624024683763888754e-01
-2.907513547600026893e-01
7.881533027231152344e-01
1.000000000000000000e+00
-8.576293682496261006e-01
7.390554562487483548e-01
-5.291699263062918934e-01
7.379643801773052569e-01
3.792552471665774361e-01
4.491727439126350641e-01
-7.410482151069228696e-01
-1.732936257038120154e-02
9.593908967403497190e-01
1.304180315980614790e-01
-8.867275293364961231e-01
6.942866327351163713e-01
-9.141830982040062281e-01
5.667113922205583298e-01
3.777482153958474642e-01
1.207378208196227404e-01
-8.017853538341996877e-01
3.126619906211546285e-01
1.000000000000000000e+00
-1.769082864131506228e-01
-9.111007676487057338e-01
6.501740578219168398e-01
5.693661171525057352e-01
2.982033476254384308e-01
4.702474523747828816e-01
-7.937964599733724480e-01
1.055175840750766092e-01
2.116010375947026123e-01
-5.925935634266170648e-01
1.000000000000000000e+00
-8.531341628798658205e-02
8.783101267961409553e-01
-7.547712393833566624e-02
3.134812388439112141e-01
-4.053981760949505742e-02
1.590846881128468032e-02
-7.634060615490640966e-01
7.571151412410777048e-01
-6.257366263176549204e-01
8.836135946685363951e-01
-1.425009361666906005e-01
-1.838551258925868459e-01
-8.969892043708312945e-01
4.177844579885465759e-01
8.858543741794929760e-01
-8.631387311192834089e-02
-8.625164853114513086e-01
-7.153052331598005464e-01
-3.869114251303291674e-01
1.000000000000000000e+00
-9.025255143181347695e-01
2.888210506924436261e-01
-9.802098413597752913e-01
-7.362525385407282519e-01
-4.933542888959290273e-01
6.086152841610719122e-01
5.860159802222379977e-01
-4.820063186681656231e-01
4.573574947274110514e-01
1.943080924245600416e-01
2.346463140619839960e-01
9.562093129328712582e-01
-3.267290198981503968e-01
1.202904097645285386e-03
3.834670448801470455e-01
6.337614114515619512e-01
-3.590322223987614247e-01
-7.891158358335185197e-01
6.634920219015455478e-01
2.854983033351687349e-01
6.016650144435544689e-01
8.672300554862981681e-01
-6.184545612352057575e-02
2.413017925663529240e-01
2.223701120219579996e-01
-6.860292261869929131e-01
-1.291510880327332023e-01
3.071990562474266051e-01
5.555641899289222307e-02
1.000000000000000000e+00
-4.464019344077128082e-01
6.951109928843433039e-01
-8.981014171096974863e-01
8.737188750330580067e-01
3.498960202465804525e-01
-7.019933327951544122e-02
7.102408167767263469e-01
-1.000000000000000000e+00
-4.276254824681690048e-01
2.875869638693178132e-01
2.496120988612360869e-01
-6.760577064620135745e-01
-8.846678693967370277e-01
7.124544102914280863e-01
6.777850576451864839e-01
-4.938330483568080798e-01
-9.346729300003850383e-02
-4.004784308028493944e-01
-6.224998729274606735e-01
3.498847927022135651e-01
-8.444081727579896834e-02
-3.375661631081862679e-01
4.837113835448744181e-01
3.698331280860551185e-01
3.121299666897071057e-01
-1.968182814224004595e-01
-9.756844961166711849e-01
-9.262029050405722330e-01
1.669303732201625756e-01
-9.868788823330417737e-01
-1.000000000000000000e+00
-4.980163925250419982e-02
6.660681541580976139e-01
-9.529677639921934063e-01
-1.000000000000000000e+00
-2.101341962689763365e-01
3.102215422088249186e-01
2.251734222530402674e-01
-7.536274939439480125e-02
9.915529827967388687e-01
-3.156530700224942088e-01
-6.997277949987366075e-01
6.038227209063380396e-01
-7.311617207351228664e-01
-5.128075236800953007e-01
1.010010318872484603e-01
-8.092707481884107157e-01
2.005899886304713942e-01
-1.000000000000000000e+00
-8.575512053977789595e-01
5.533228693180519686e-01
3.416655195328765493e-01
-4.884968334487783670e-01
1.881005692574854449e-01
-9.959708923500316669e-01
-1.290748408079457343e-01
2.404606744602042490e-01
7.110876009247339702e-02
1.237324575760322259e-01
7.355214325566779010e-01
-2.973898881182988618e-01
-9.031365641246610343e-01
-4.882705622653371602e-01
2.201935163298867071e-01
7.673486260758247690e-01
7.387295016323935926e-02
1.117004857768939124e-01
-2.824013787692978283e-01
6.648435421576487370e-01
3.780855951282088290e-01
3.511440284182960059e-01
6.129500592133609038e-02
2.514470669547703152e-01
4.456536787450709469e-01
-7.610745521893409471e-01
-6.947628368953681077e-01
2.610794055086773646e-01
1.000000000000000000e+00
-1.000000000000000000e+00
-4.245550456301929731e-01
-7.628946358928651028e-01
3.232354914481687380e-02
6.394626636997835512e-01
-9.617250768957339435e-01
1.393037906919138980e-01
5.351010260997536294e-01
-3.479550503624051494e-01
1.146886896412095680e-01
1.000000000000000000e+00
2.369137619660394711e-01
-3.169964406571971205e-01
6.808409531696782979e-01
-8.771586129111559327e-01
-1.972170736913379796e-03
-2.949466580103863311e-01
8.621194614049441096e-01
-7.350525220035536433e-01
-7.232079338200823049e-01
-3.490816928352910020e-01
6.543504606919885447e-01
4.710917662064675882e-03
6.237684597366138783e-02
4.771619875518131604e-01
1.000000000000000000e+00
-9.325821565637008037e-01
-6.523190613483486056e-01
-8.255388777110462817e-01
-9.924151788682584741e-01
1.492860964525201117e-01
3.151376174133977415e-01
1.000000000000000000e+00
-3.374689828531431957e-01
3.299821019501620878e-01
3.419372230160869774e-01
-2.898336627076597560e-01
6.832573296920908534e-01
-9.457231271450735610e-01
6.404754242468674308e-01
1.000000000000000000e+00
-6.031030878052504596e-01
6.094569578773643137e-01
8.898794097756443922e-01
