5.503677255431367321e-01
-2.340685314455572263e-01
6.690745252166766521e-01
-5.678633741204364149e-03
-5.886345549355603834e-02
8.924644679375816070e-01
-8.820254400273335182e-01
1.480912798719333234e-02
1.000000000000000000e+00
-2.406125385541838246e-01
1.325810095709228920e-01
1.814885330431587618e-01
-2.208696051130544513e-02
4.141364546002258562e-01
-1.455963861025409978e-01
-3.191785262166138004e-01
-6.508184924700027851e-01
-4.999298907476855680e-01
-5.973416665316002572e-01
-3.222101644651447633e-02
6.968714284086538480e-02
4.007411561655367382e-01
2.698448724804358712e-01
1.828446009412912354e-04
3.698000159944581089e-02
-7.486448417399124144e-01
-6.474070644441035638e-01
-6.093262567903247051e-01
1.000000000000000000e+00
-4.208189977815414151e-01
-1.156367025179633051e-01
-7.740794631994718511e-01
9.180876463577063440e-01
6.714971566883831677e-02
6.404532849413104856e-01
-1.936567106020766482e-01
2.752244243690184500e-01
-2.083555990733181040e-01
-3.291631556603998865e-01
-2.946168768517022918e-01
-4.579597665556086605e-01
5.917694933970820692e-01
-3.296581999583801936e-01
5.908379798657718007e-01
-9.215757838630700416e-01
7.901922868616584328e-02
5.731972273937071538e-01
-1.436117158548933515e-01
6.455254182963376941e-02
1.715931309269577154e-01
-5.508628210563307759e-01
-7.127712123500971053e-01
-1.568516576903686566e-01
5.689471091986263440e-01
3.726540086654677730e-01
-7.893844369272227102e-01
2.727244066575571502e-01
-1.823485468419682731e-01
-2.813445495424011789e-01
2.313333293622069076e-01
-5.088700501114077346e-01
-9.981957374931132998e-02
2.307335473191316488e-01
-1.607003744373425580e-01
4.817443899442535038e-01
9.139093665683275525e-01
-1.505821424007267387e-02
1.035709097648363497e-01
-2.470920917842948650e-01
-1.000000000000000000e+00
5.239808781248247449e-01
3.811796799901404076e-01
-1.331761146904772430e-01
3.860640439842639715e-01
6.256239563527226100e-01
3.586550893928308059e-01
5.656866213917630670e-01
4.157757449090268009e-01
-6.970073821952758042e-01
3.748442746144093896e-01
2.161239755209904412e-01
-2.032887547252119897e-01
-8.499051274596600702e-01
6.636510290294047598e-01
8.327134205886346230e-01
-4.956733431202398066e-01
-6.142330848204329286e-01
5.020121955421158466e-01
1.000000000000000000e+00
-2.971914517403937972e-01
-3.480091826266779043e-01
-1.747640981828217921e-01
6.643141001192445216e-01
-1.438103426406298346e-01
-7.862747109149220703e-01
3.375294148320505117e-01
5.082406666346814816e-01
9.206004189944858584e-01
1.000000000000000000e+00
6.233647844951671901e-01
-7.313782762925936654e-01
6.261433049072298029e-01
4.396438081099059980e-01
6.383956706245925705e-01
9.302302177300376673e-01
1.865421211239373100e-01
3.429206449739797824e-01
-7.101094179500301307e-01
-5.343770679949765290e-01
2.475208751897053361e-01
6.018031913047765524e-01
9.511119159106575793e-01
1.969029427042334468e-01
8.782442235787428497e-02
-1.088841703196395672e-01
1.427042433721285863e-01
-6.148917163491139926e-01
3.157484986161222529e-01
-8.978422194583058902e-01
3.068869758861170194e-01
1.729460702904136726e-01
-2.266792610312773348e-02
1.000000000000000000e+00
9.648829173699459139e-01
-1.000000000000000000e+00
-1.000000000000000000e+00
-2.551204151638304940e-01
-4.987752159981411609e-03
-1.653174543277450004e-01
9.787909611705736257e-02
-8.523697063392233764e-01
3.760024906957318835e-01
-6.317956322815607706e-01
8.722368379476250766e-01
-1.947188764010946704e-01
3.884422502500117780e-01
1.937519665138369707e-01
3.692144677469070269e-01
1.000000000000000000e+00
-6.085659807516582420e-01
6.400119303129798987e-02
-1.801720295538954963e-01
-1.317012444624202083e-01
-5.829584062598109906e-01
-6.691721218585108266e-01
2.649713341317639151e-02
-1.021165377829851562e-01
-3.392605710351097592e-01
-8.286395810148361463e-01
-8.965618645833784983e-01
-1.000000000000000000e+00
-4.833165586696298033e-01
-1.474681382702849874e-01
-6.078822986420107100e-01
5.768907353379441050e-01
8.277516989019623184e-01
-8.333186378676886719e-01
4.716914411573773225e-01
-3.456798926559008778e-01
-7.650209132661918154e-01
1.340160979173921629e-01
1.000000000000000000e+00
8.769351159895273362e-01
-2.102360136753149422e-01
4.549272426966984306e-01
-2.852028655372969568e-01
-3.997204071236802325e-01
1.378245407020649016e-01
7.837077975909834127e-02
1.640924507657453846e-01
-9.090405254000757940e-02
-2.389590107053948809e-01
4.934627690499635566e-01
5.087457791650457084e-02
1.000000000000000000e+00
1.000000000000000000e+00
-5.589669606096469012e-01
3.950826597362874226e-01
1.000000000000000000e+00
3.115040817604959947e-02
-1.969072883176049560e-01
5.410514599700618765e-01
-1.583320956839874560e-01
-2.554757284366256931e-01
2.862176386424928332e-01
-1.000000000000000000e+00
6.739259353585671519e-01
4.926306651363644984e-01
-2.010247209197319196e-01
1.300214713527532429e-01
1.000000000000000000e+00
-1.011734374750496435e-01
-8.255779672566849747e-01
6.875693690549877779e-01
-1.375439127519407778e-01
-1.645381781388890186e-01
2.293424295335826923e-01
8.635481722846581887e-01
4.830947712201935640e-01
-7.148379249271290536e-01
4.866607051149287044e-01
5.643787100545070157e-01
6.559347498817091893e-02
-9.010651927393653615e-02
1.950252272949208610e-01
3.211966044512239438e-01
-2.933801454174893020e-01
3.255539793418850136e-01
-1.801273813785057021e-01
8.977610715656658691e-02
-8.171427537914313088e-01
-7.918251241807332252e-02
-3.021721738760495268e-02
7.307769756094404379e-01
1.318947164662198912e-01
1.000000000000000000e+00
-9.002899168282150200e-01
-2.455451318367966596e-01
3.802985926633720148e-01
-8.781432647062854535e-01
7.680653497106042504e-01
-1.419890527564811600e-01
-1.626211821768098476e-01
1.278874208803593149e-01
-5.680006240422812436e-01
-8.523588222824495242e-01
-1.658866756661194486e-01
-3.445388211592823602e-01
5.643580052130469094e-01
5.991649927782519702e-01
3.243456972394984095e-01
1.006952580754606474e-01
8.835804002744779284e-01
-7.624349988691783708e-02
2.583551395861036770e-01
-3.122880458183718289e-01
1.732057993368404103e-01
-4.087964398513790898e-02
-2.310991300995086928e-01
1.123243121946057299e-01
-6.947684428183893424e-01
-5.244919000380855456e-01
1.847588223804411955e-01
2.857906047666943783e-01
5.893188736227151781e-01
8.198461771525613617e-01
-2.240313168053804649e-01
-3.696488074679412650e-01
-4.008773501920495641e-02
7.705606924938546154e-02
-8.091327641674094656e-03
8.030102743744896854e-01
4.148231052208775638e-02
7.299468289981329017e-01
-7.204227347714370344e-02
-7.546136739266129378e-01
3.464757116514635693e-01
-6.111188109533555179e-02
3.476693198655539385e-01
6.927087697659897736e-02
-1.078143482507225442e-01
-1.000000000000000000e+00
3.067843173585319549e-01
1.767938549820533001e-01
8.477780680436232119e-01
